0.0,1.8965418133910754
0.02,1.8955746202995205
0.04,1.8928958297056357
0.06,1.8887856213867982
0.08,1.8834832959965728
0.1,1.8771921871828936
0.12,1.8700856825086607
0.14,1.862313555264426
0.16,1.8539990985008872
0.18,1.8452537846293087
0.2,1.8361680063071015
0.22,1.8268204011285378
0.24,1.8172797387680368
0.26,1.8076031519845286
0.28,1.7978398885823959
0.3,1.7880350140169288
0.32,1.778222201101307
0.34,1.768434704731192
0.36,1.7586999548151794
0.38,1.749041427083225
0.4,1.7394769125929035
0.42,1.7300257201422546
0.44,1.7207015542511155
0.46,1.7115161399913716
0.48,1.7024898140625646
0.5,1.6936180525021267
0.52,1.6848998651489142
0.54,1.676369082029986
0.56,1.6680243327468816
0.58,1.6598469505602762
0.6,1.6518529775127806
0.62,1.6440582205282843
0.64,1.6364611400249387
0.66,1.6290431427808691
0.68,1.6218198867160778
0.7,1.614789865597734
0.72,1.6079346892113522
0.74,1.6012867355269544
0.76,1.5948443910786152
0.78,1.5885725806325586
0.8,1.5824867376286849
0.82,1.576585471950408
0.84,1.5708840164636062
0.86,1.5653477876821096
0.88,1.5599921185158567
0.9,1.5548157239521703
0.92,1.5498173481940227
0.94,1.5449793866140125
0.96,1.5403171047234947
0.98,1.5358130373027161
1.0,1.531482427108414
1.02,1.527291722356225
1.04,1.523272446854768
1.06,1.5193912517756099
1.08,1.515663453942438
1.1,1.5120881748492112
1.12,1.5086485081521224
1.14,1.5053437253081523
1.16,1.5021731217219283
1.18,1.4991360171425616
1.2,1.4962317560409877
1.22,1.4934437895397823
1.24,1.4907715864981543
1.26,1.4882305050203142
1.28,1.485804137661303
1.3,1.4834761895800594
1.32,1.4812620785761441
1.34,1.4791613727072708
1.36,1.477157894461082
1.38,1.475251306725351
1.4,1.4734412875123017
1.42,1.4717118157666973
1.44,1.4700940441601578
1.46,1.4685562819670008
1.48,1.4670983102780637
1.5,1.4657199209644554
1.52,1.46442091673978
1.54,1.4631854786376062
1.56,1.462044707397101
1.58,1.4609671831001294
1.6,1.459952781371595
1.62,1.4590013848966388
1.64,1.4581128834478123
1.66,1.4573027494012554
1.68,1.4565241603064532
1.7,1.4558237538159338
1.72,1.4551703179068731
1.74,1.4545637954195276
1.76,1.454004133236747
1.78,1.45349128229297
1.8,1.4530407315383842
1.82,1.4526058381670994
1.84,1.452233167182835
1.86,1.4518916289776718
1.88,1.4515967233451919
1.9,1.4513329069148122
1.92,1.4511001641920835
1.94,1.4508984815013914
1.96,1.4507278469874754
1.98,1.4505882506167418
2.0,1.450479684178373
2.02,1.450402141285237
2.04,1.4503401097085948
2.06,1.4503090948329327
2.08,1.4502935876232723
2.1,1.4502935876232723
2.12,1.4503246021947072
2.14,1.4503711251927007
2.16,1.4504331579861902
2.18,1.45051070240031
2.2,1.4506037607162872
2.22,1.4507123356713179
2.24,1.450836430458416
2.26,1.4509760487262346
2.28,1.4511156793094613
2.3,1.4512863556340236
2.32,1.4514415318900264
2.34,1.4516277634599764
2.36,1.4517984949568878
2.38,1.452000292248626
2.4,1.4521865894615076
2.42,1.4523884361275456
2.44,1.4526058381670994
2.46,1.452823269972255
2.48,1.4530407315383842
2.5,1.4532582228608593
2.52,1.4534757439350487
2.54,1.4537088352388563
2.56,1.4539419606854007
2.58,1.4541595752348146
2.6,1.4543927666744794
2.62,1.4546259922401483
2.64,1.4548592519261119
2.66,1.4550925457266595
2.68,1.455325873636077
2.7,1.4555592356486486
2.72,1.4557770709572946
2.74,1.4560104988864144
2.76,1.456243960901908
2.78,1.456461889531469
2.8,1.456679847844405
2.82,1.4569134075424326
2.84,1.4571314273275398
2.86,1.4573494767817081
2.88,1.457551977836709
2.9,1.4577700844966108
2.92,1.4579726386631626
2.94,1.4581752183961918
2.96,1.4583778236919602
2.98,1.458564866650563
3.0,1.4587675210949285
3.02,1.4589546094150794
3.04,1.4591417195042324
3.06,1.4593288513594431
3.08,1.4595004080117449
3.1,1.4596719829488334
3.12,1.4598435761684367
3.14,1.4600151876682832
3.16,1.4601712139837975
3.18,1.4603272554033646
3.2,1.4604833119252751
3.22,1.460639383547821
3.24,1.4607798609177425
3.26,1.4609203505165473
3.28,1.461060852342988
3.3,1.4612013663958188
3.32,1.4613262780392329
3.34,1.4614511993411428
3.36,1.4615761303006711
3.38,1.4617010709169416
3.4,1.461810401877035
3.42,1.4619197402293123
3.44,1.4620290859731866
3.46,1.4621384391080692
3.48,1.462232176248734
3.5,1.462341543108216
3.52,1.4624352920119545
3.54,1.4625134202452077
3.56,1.4626071791009576
3.58,1.4626853156270352
3.6,1.462763455922235
3.62,1.4628415999863429
3.64,1.462919747819144
3.66,1.4629978994204245
3.68,1.463060423414609
3.7,1.4631229498203728
3.72,1.4631854786376062
3.74,1.4632480098661989
3.76,1.4633105435060414
3.78,1.4633574453182394
3.8,1.4634199831775045
3.82,1.4634668881541433
3.84,1.4635137944868932
3.86,1.4635607021757084
3.88,1.4635919747215986
3.9,1.4636388846704196
3.92,1.4636701587229368
3.94,1.463717070931634
3.96,1.4637483464906924
3.98,1.463779622652344
4.0,1.463810899416574
4.02,1.4638421767833691
4.04,1.4638734547527152
4.06,1.4638890939633407
4.08,1.4639203728364878
4.1,1.4639360124990064
4.12,1.4639516523121519
4.14,1.463982932390319
4.16,1.4639985726553373
4.18,1.4640142130709757
4.2,1.4640298536372334
4.22,1.464045494354108
4.24,1.464045494354108
4.26,1.464061135221598
4.28,1.4640767762397018
4.3,1.4640767762397018
4.32,1.4640924174084176
4.34,1.464108058727744
4.36,1.464108058727744
4.38,1.464108058727744
4.4,1.4641237001976783
4.42,1.4641237001976783
4.44,1.4641237001976783
4.46,1.4641237001976783
4.48,1.4641237001976783
4.5,1.46413934181822
4.52,1.46413934181822
4.54,1.46413934181822
4.56,1.46413934181822
4.58,1.46413934181822
4.6,1.4641237001976783
4.62,1.4641237001976783
4.64,1.4641237001976783
4.66,1.4641237001976783
4.68,1.4641237001976783
4.7,1.4641237001976783
4.72,1.464108058727744
4.74,1.464108058727744
4.76,1.464108058727744
4.78,1.464108058727744
4.8,1.4640924174084176
4.82,1.4640924174084176
4.84,1.4640924174084176
4.86,1.4640767762397018
4.88,1.4640767762397018
4.9,1.4640767762397018
4.92,1.464061135221598
4.94,1.464061135221598
4.96,1.464061135221598
4.98,1.464045494354108
5.0,1.464045494354108
5.02,1.464045494354108
5.04,1.4640298536372334
5.06,1.4640298536372334
5.08,1.4640298536372334
5.1,1.4640142130709757
5.12,1.4640142130709757
5.14,1.4639985726553373
5.16,1.4639985726553373
5.18,1.4639985726553373
5.2,1.463982932390319
5.22,1.463982932390319
5.24,1.463982932390319
5.26,1.4639672922759237
5.28,1.4639672922759237
5.3,1.4639672922759237
5.32,1.4639516523121519
5.34,1.4639516523121519
5.36,1.4639360124990064
5.38,1.4639360124990064
5.4,1.4639360124990064
5.42,1.4639203728364878
5.44,1.4639203728364878
5.46,1.4639203728364878
5.48,1.4639203728364878
5.5,1.4639047333245991
5.52,1.4639047333245991
5.54,1.4639047333245991
5.56,1.4638890939633407
5.58,1.4638890939633407
5.6,1.4638890939633407
5.62,1.4638890939633407
5.64,1.4638734547527152
5.66,1.4638734547527152
5.68,1.4638734547527152
5.7,1.4638734547527152
5.72,1.463857815692724
5.74,1.463857815692724
5.76,1.463857815692724
5.78,1.463857815692724
5.8,1.463857815692724
5.82,1.4638421767833691
5.84,1.4638421767833691
5.86,1.4638421767833691
5.88,1.4638421767833691
5.9,1.4638421767833691
5.92,1.4638265380246516
5.94,1.4638265380246516
5.96,1.4638265380246516
5.98,1.4638265380246516
6.0,-5.347571372170873
6.02,-5.347427429359425
6.04,-5.346979961475361
6.06,-5.346158323691107
6.08,-5.344852467037677
6.1,-5.342944092415615
6.12,-5.340313085073539
6.14,-5.3368537135217995
6.16,-5.332478568825881
6.18,-5.32710785145571
6.2,-5.320693501388624
6.22,-5.313194577292491
6.24,-5.304591892855959
6.26,-5.294879685602986
6.28,-5.284066044191055
6.3,-5.272170662616014
6.32,-5.259223688820548
6.34,-5.245264455025313
6.36,-5.230337751642108
6.38,-5.214497655943567
6.4,-5.197799458374661
6.42,-5.180307518093304
6.44,-5.162080196948589
6.46,-5.143189934812155
6.48,-5.123698106829176
6.5,-5.103678899405819
6.52,-5.08318988164842
6.54,-5.062299999116537
6.56,-5.0410911224049855
6.58,-5.019602485782275
6.6,-4.997917397880274
6.62,-4.976073385008325
6.64,-4.954154329430314
6.66,-4.932195435638804
6.68,-4.9102546267186105
6.7,-4.888375845494658
6.72,-4.866614456041716
6.74,-4.845011186144451
6.76,-4.823604749194021
6.78,-4.802431869434311
6.8,-4.781527314374851
6.82,-4.7609239336058184
6.84,-4.740638083132589
6.86,-4.720713198891192
6.88,-4.701161745302014
6.9,-4.682008971907174
6.92,-4.663263291834045
6.94,-4.64496178579407
6.96,-4.627094123001533
6.98,-4.609663233824048
7.0,-4.592717492925088
7.02,-4.576225832193394
7.04,-4.560218496050347
7.06,-4.544693059470765
7.08,-4.529645757757222
7.1,-4.51508775530785
7.12,-4.500996910396827
7.14,-4.487398646315426
7.16,-4.4742688552162
7.18,-4.4616151204172265
7.2,-4.449444430942774
7.22,-4.437730167937441
7.24,-4.4264779542734125
7.26,-4.415676345399271
7.28,-4.405313309903358
7.3,-4.395392976707481
7.32,-4.385902407174895
7.34,-4.376828214317497
7.36,-4.368173394868115
7.38,-4.35992387681513
7.4,-4.3520652491718765
7.42,-4.344582796825659
7.44,-4.337478417962169
7.46,-4.330736941333292
7.48,-4.324342968461322
7.5,-4.3182978397639955
7.52,-4.312585820740813
7.54,-4.307191008654632
7.56,-4.302114336812548
7.58,-4.297356655381238
7.6,-4.292867708823657
7.62,-4.288682141842423
7.64,-4.284749476801942
7.66,-4.281104261720654
7.68,-4.2776958362741055
7.7,-4.274541617776193
7.72,-4.271624896618697
7.74,-4.268928903503916
7.76,-4.266453888971034
7.78,-4.264183001654508
7.8,-4.262116429645509
7.82,-4.260237255771394
7.84,-4.2585456184599595
7.86,-4.257024548243558
7.88,-4.255674144423556
7.9,-4.25449449410682
7.92,-4.253451473063038
7.94,-4.252562235871593
7.96,-4.251809729627957
7.98,-4.2511939919170905
8.0,-4.250697947851335
8.02,-4.2503216188898945
8.04,-4.2500479144619066
8.06,-4.249893951789967
8.08,-4.249825523028013
8.1,-4.249859737478794
8.12,-4.2499965938855775
8.14,-4.250201874303976
8.16,-4.250475573695456
8.18,-4.2508347905415045
8.2,-4.25126240947031
8.22,-4.251758419895338
8.24,-4.2523057073374355
8.26,-4.252904261526713
8.28,-4.253571170736429
8.3,-4.254272222063227
8.32,-4.255007406522436
8.34,-4.255793809543929
8.36,-4.25661432281064
8.38,-4.257468935590306
8.4,-4.258357636626906
8.42,-4.259263326628003
8.44,-4.260185999318467
8.46,-4.261142731752457
8.48,-4.262116429645509
8.5,-4.263107086082277
8.52,-4.264097616960035
8.54,-4.265105096502136
8.56,-4.266129517411487
8.58,-4.26715380196145
8.6,-4.26817794947679
8.62,-4.269219024941799
8.64,-4.27025995735877
8.66,-4.271283685071737
8.68,-4.272324331637846
8.7,-4.273347776812846
8.72,-4.274371080867792
8.74,-4.2753942431273675
8.76,-4.27640021375756
8.78,-4.277406045984379
8.8,-4.27839469468047
8.82,-4.2793661662015765
8.84,-4.280337506776006
8.86,-4.281291678206276
8.88,-4.282245722136201
8.9,-4.283182604930601
8.92,-4.284102332820499
8.94,-4.285004911969636
8.96,-4.285890348471937
8.98,-4.2867586483490285
9.0,-4.2876098175477955
9.02,-4.288460882204076
9.04,-4.289277805557742
9.06,-4.290077615636695
9.08,-4.290877332340425
9.1,-4.291642930746608
9.12,-4.292391432528341
9.14,-4.293139851651438
9.16,-4.293854174370593
9.18,-4.2945514163037055
9.2,-4.295231582527612
9.22,-4.295894678020654
9.24,-4.296540707660792
9.26,-4.297169676223788
9.28,-4.297798585133818
9.3,-4.298376448699715
9.32,-4.298954261637334
9.34,-4.299515031543857
9.36,-4.300058762658222
9.38,-4.3005854591071735
9.4,-4.301095124903758
9.42,-4.301587763945875
9.44,-4.302063380014865
9.46,-4.302521976774153
9.48,-4.302980541050015
9.5,-4.30340510858496
9.52,-4.3038126671229175
9.54,-4.304220199858113
9.56,-4.304593748828128
9.58,-4.304967276047061
9.6,-4.3053238044349404
9.62,-4.305663336800354
9.64,-4.305985875824557
9.66,-4.306308398532797
9.68,-4.306613931291767
9.7,-4.306902476528495
9.72,-4.307174036539823
9.74,-4.307445584924813
9.76,-4.307683180214387
9.78,-4.307937736697608
9.8,-4.308158344025579
9.82,-4.308378943647716
9.84,-4.308582567222711
9.86,-4.308786184220534
9.88,-4.30897282735273
9.9,-4.309159464949576
9.92,-4.30932913068526
9.94,-4.3094818259305105
9.96,-4.309634517462684
9.98,-4.309770240150067
10.0,-4.309905959900261
10.02,-4.3100416767116645
10.04,-4.3101604265096585
10.06,-4.310262210258183
10.08,-4.310380955872465
10.1,-4.310465772788261
10.12,-4.310567551568463
10.14,-4.310652365952547
10.16,-4.310720216630823
10.18,-4.3108050289421005
10.2,-4.310855915775881
10.22,-4.310923764242264
10.24,-4.310974650107947
10.26,-4.311025535558592
10.28,-4.3110764205941114
10.3,-4.311127305214424
10.32,-4.311161228063919
10.34,-4.311195150728814
10.36,-4.311229073209086
10.38,-4.3112460343799786
10.4,-4.311262995504707
10.42,-4.311279956583267
10.44,-4.311296917615654
10.46,-4.311313878601867
10.48,-4.311330839541902
10.5,-4.311330839541902
10.52,-4.311330839541902
10.54,-4.311330839541902
10.56,-4.311330839541902
10.58,-4.311330839541902
10.6,-4.311330839541902
10.62,-4.311313878601867
10.64,-4.311313878601867
10.66,-4.311296917615654
10.68,-4.311279956583267
10.7,-4.311279956583267
10.72,-4.311262995504707
10.74,-4.3112460343799786
10.76,-4.311229073209086
10.78,-4.31121211199203
10.8,-4.311178189419443
10.82,-4.311161228063919
10.84,-4.311144266662245
10.86,-4.311127305214424
10.88,-4.3110933821803545
10.9,-4.3110764205941114
10.92,-4.3110424972832275
10.94,-4.311025535558592
10.96,-4.311008573787831
10.98,-4.310974650107947
11.0,-4.3109576881988305
11.02,-4.310923764242264
11.04,-4.31090680219482
11.06,-4.310872877961626
11.08,-4.310855915775881
11.1,-4.310821991266116
11.12,-4.3108050289421005
11.14,-4.310771104155821
11.16,-4.310754141693562
11.18,-4.310720216630823
11.2,-4.31070325403035
11.22,-4.310669328691208
11.24,-4.310652365952547
11.26,-4.31061844033706
11.28,-4.3106014774602395
11.3,-4.310567551568463
11.32,-4.310550588553512
11.34,-4.310516662385502
11.36,-4.310499699232449
11.38,-4.310482736033367
11.4,-4.3104488094971325
11.42,-4.310431846159985
11.44,-4.310414882776823
11.46,-4.310397919347649
11.48,-4.3103639923512755
11.5,-4.310347028784083
11.52,-4.31033006517089
11.54,-4.3103131015117
11.56,-4.310296137806517
11.58,-4.310262210258183
11.6,-4.310245246415038
11.62,-4.3102282825259115
11.64,-4.310211318590808
11.66,-4.310194354609728
11.68,-4.310177390582678
11.7,-4.3101604265096585
11.72,-4.310143462390674
11.74,-4.310143462390674
11.76,-4.310126498225726
11.78,-4.31010953401482
11.8,-4.310092569757957
11.82,-4.3100756054551415
11.84,-4.310058641106377
11.86,-4.310058641106377
11.88,-4.3100416767116645
11.9,-4.310024712271009
11.92,-4.310024712271009
11.94,-4.310007747784413
11.96,-4.309990783251879
11.98,-4.309990783251879
12.0,-16.879507221914114
12.02,-16.878507363840686
12.04,-16.875628708345644
12.06,-16.870905939370502
12.08,-16.864265192039706
12.1,-16.8555839393013
12.12,-16.844739797149522
12.14,-16.83161028567262
12.16,-16.816116365027153
12.18,-16.798188515288125
12.2,-16.777831325375455
12.22,-16.75506941380639
12.24,-16.729954824004402
12.26,-16.70253160210491
12.28,-16.672882943865403
12.3,-16.64120193367064
12.32,-16.607585778275293
12.34,-16.572230834720198
12.36,-16.53528540582519
12.38,-16.496915072697004
12.4,-16.45730090364844
12.42,-16.416546007473432
12.44,-16.37494212835101
12.46,-16.332704819282093
12.48,-16.28985789819653
12.5,-16.24661492651947
12.52,-16.203193987180214
12.54,-16.15960510851168
12.56,-16.116272694054416
12.58,-16.072983923444866
12.6,-16.03015872166448
12.62,-15.987672360559579
12.64,-15.945829386109251
12.66,-15.904598047416396
12.68,-15.864048728651998
12.7,-15.824357479723536
12.72,-15.78558166941628
12.74,-15.747658528247014
12.76,-15.710631424832876
12.78,-15.674650609963534
12.8,-15.639747345225368
12.82,-15.605947121578948
12.84,-15.573158380276745
12.86,-15.541397798091348
12.88,-15.510788509166835
12.9,-15.481227328473977
12.92,-15.452828563869877
12.94,-15.425374706928618
12.96,-15.399082491172171
12.98,-15.373838856670659
13.0,-15.349637752581582
13.02,-15.326365746125937
13.04,-15.304120064002884
13.06,-15.282889371186267
13.08,-15.262558259363578
13.1,-15.243115615587296
13.12,-15.22454943361023
13.14,-15.206947119133694
13.16,-15.19009418811479
13.18,-15.174077888344184
13.2,-15.15888413811507
13.22,-15.144401881342475
13.24,-15.13061917919834
13.26,-15.117524006890728
13.28,-15.105104331653294
13.3,-15.09334818590876
13.32,-15.082243735755894
13.34,-15.07168709187274
13.36,-15.061760472260591
13.38,-15.052361797476381
13.4,-15.043482137384565
13.42,-15.035023108576139
13.44,-15.027156233426933
13.46,-15.019694532344552
13.48,-15.01271979866786
13.5,-15.00613696281242
13.52,-14.999940272959318
13.54,-14.994124205629852
13.56,-14.988769626284242
13.58,-14.983698805178584
13.6,-14.978908208885805
13.62,-14.974564421029953
13.64,-14.970408197168302
13.66,-14.966606193485214
13.68,-14.963070617166125
13.7,-14.959798832766479
13.72,-14.95678837646789
13.74,-14.954036959865181
13.76,-14.951542473426247
13.78,-14.949220147020428
13.8,-14.947151435608419
13.82,-14.94525222522694
13.84,-14.943521522016232
13.86,-14.941958415406843
13.88,-14.940644157987716
13.9,-14.93941374057499
13.92,-14.938348710506602
13.94,-14.937448498203286
13.96,-14.93671262083178
13.98,-14.93605900667699
14.0,-14.935569104520464
14.02,-14.935242650047948
14.04,-14.934916313197107
14.06,-14.934834747367752
14.08,-14.93475318889307
14.1,-14.93475318889307
14.12,-14.934916313197107
14.14,-14.935079466917166
14.16,-14.935405862584151
14.18,-14.93573237585158
14.2,-14.936140682746798
14.22,-14.936630893367541
14.24,-14.937203139721412
14.26,-14.937857575665886
14.28,-14.938512480736016
14.3,-14.93916785459067
14.32,-14.939905710095958
14.34,-14.94072624429937
14.36,-14.941547509175582
14.38,-14.942451743667583
14.4,-14.943274540776866
14.42,-14.944262858994248
14.44,-14.945169738040892
14.46,-14.946160063932501
14.48,-14.947151435608419
14.5,-14.948143851902053
14.52,-14.949137311645035
14.54,-14.950214735846341
14.56,-14.951210365681805
14.58,-14.9522901380591
14.6,-14.953287932892257
14.62,-14.954370047917505
14.64,-14.955453378929253
14.66,-14.956537924425588
14.68,-14.957540119989241
14.7,-14.958626996802561
14.72,-14.959715083696306
14.74,-14.960720544327003
14.76,-14.961727033553654
14.78,-14.96281855624146
14.8,-14.963827184544508
14.82,-14.964836837761245
14.84,-14.965847514693827
14.86,-14.966859214142648
14.88,-14.96787193490634
14.9,-14.968801158442282
14.92,-14.969731238227466
14.94,-14.970662173332636
14.96,-14.971593962827303
14.98,-14.972526605779734
15.0,-14.973460101256958
15.02,-14.974309472517135
15.04,-14.975159546868424
15.06,-14.976010323607206
15.08,-14.976861802029017
15.1,-14.977628731964721
15.12,-14.978481541640472
15.14,-14.979249668557005
15.16,-14.980018361662232
15.18,-14.980702119323825
15.2,-14.981471880486989
15.22,-14.982156586713188
15.24,-14.982841738754441
15.26,-14.983527336246565
15.28,-14.984127599174535
15.3,-14.98481403090426
15.32,-14.985415023228722
15.34,-14.986016355553565
15.36,-14.986618027633735
15.38,-14.987134016791197
15.4,-14.987650255230072
15.42,-14.988166742795682
15.44,-14.988683479333247
15.46,-14.989200464687876
15.48,-14.989631475773503
15.5,-14.990148916890103
15.52,-14.990580307560094
15.54,-14.991011870624671
15.56,-14.991443605993913
15.58,-14.9917891182882
15.6,-14.992221163579057
15.62,-14.99256692369394
15.64,-14.992912793876345
15.66,-14.99325877408011
15.68,-14.993518331406671
15.7,-14.99386450403668
15.72,-14.994124205629852
15.74,-14.994470570544552
15.76,-14.994730416298133
15.78,-14.994990323802211
15.8,-14.995250293037255
15.82,-14.995423640145955
15.84,-14.99568371222253
15.86,-14.995857127874151
15.88,-14.996117302737956
15.9,-14.99629078689629
15.92,-14.996464298447165
15.94,-14.996637837384784
15.96,-14.996811403703347
15.98,-14.996984997397053
16.0,-14.99707180450777
16.02,-14.99724543925331
16.04,-14.997332266886682
16.06,-14.997505942670998
16.08,-14.99759279082049
16.1,-14.997679645807239
16.12,-14.997766507630514
16.14,-14.997853376289596
16.16,-14.997940251783755
16.18,-14.998027134112265
16.2,-14.998114023274399
16.22,-14.998200919269431
16.24,-14.998287822096636
16.26,-14.998287822096636
16.28,-14.998374731755284
16.3,-14.998374731755284
16.32,-14.998461648244653
16.34,-14.998461648244653
16.36,-14.998548571564013
16.38,-14.998548571564013
16.4,-14.998548571564013
16.42,-14.998548571564013
16.44,-14.998635501712638
16.46,-14.998635501712638
16.48,-14.998635501712638
16.5,-14.998635501712638
16.52,-14.998635501712638
16.54,-14.998635501712638
16.56,-14.998635501712638
16.58,-14.998635501712638
16.6,-14.998635501712638
16.62,-14.998635501712638
16.64,-14.998635501712638
16.66,-14.998548571564013
16.68,-14.998548571564013
16.7,-14.998548571564013
16.72,-14.998548571564013
16.74,-14.998548571564013
16.76,-14.998548571564013
16.78,-14.998461648244653
16.8,-14.998461648244653
16.82,-14.998461648244653
16.84,-14.998461648244653
16.86,-14.998374731755284
16.88,-14.998374731755284
16.9,-14.998374731755284
16.92,-14.998287822096636
16.94,-14.998287822096636
16.96,-14.998287822096636
16.98,-14.998200919269431
17.0,-14.998200919269431
17.02,-14.998200919269431
17.04,-14.998200919269431
17.06,-14.998114023274399
17.08,-14.998114023274399
17.1,-14.998114023274399
17.12,-14.998027134112265
17.14,-14.998027134112265
17.16,-14.998027134112265
17.18,-14.997940251783755
17.2,-14.997940251783755
17.22,-14.997940251783755
17.24,-14.997853376289596
17.26,-14.997853376289596
17.28,-14.997853376289596
17.3,-14.997766507630514
17.32,-14.997766507630514
17.34,-14.997766507630514
17.36,-14.997766507630514
17.38,-14.997679645807239
17.4,-14.997679645807239
17.42,-14.997679645807239
17.44,-14.99759279082049
17.46,-14.99759279082049
17.48,-14.99759279082049
17.5,-14.99759279082049
17.52,-14.997505942670998
17.54,-14.997505942670998
17.56,-14.997505942670998
17.58,-14.997505942670998
17.6,-14.997505942670998
17.62,-14.997419101359485
17.64,-14.997419101359485
17.66,-14.997419101359485
17.68,-14.997419101359485
17.7,-14.997332266886682
17.72,-14.997332266886682
17.74,-14.997332266886682
17.76,-14.997332266886682
17.78,-14.997332266886682
17.8,-14.997332266886682
17.82,-14.99724543925331
17.84,-14.99724543925331
17.86,-14.99724543925331
17.88,-14.99724543925331
17.9,-14.99724543925331
17.92,-14.99724543925331
17.94,-14.997158618460098
17.96,-14.997158618460098
17.98,-14.997158618460098
18.0,-39.357445604390875
18.02,-39.372782701638776
18.04,-39.415120177246465
18.06,-39.47942955275793
18.08,-39.561441458134716
18.1,-39.65729800528549
18.12,-39.763616490310376
18.14,-39.877385176747985
18.16,-39.996119960397365
18.18,-40.117852313334474
18.2,-40.24072801523682
18.22,-40.36326909234201
18.24,-40.48411730735206
18.26,-40.60248979629778
18.28,-40.717353066706316
18.3,-40.82800522243134
18.32,-40.93422683742348
18.34,-41.0353604029522
18.36,-41.13112771007375
18.38,-41.221558878838835
18.4,-41.30629918084923
18.42,-41.38538375615233
18.44,-41.45886910922737
18.46,-41.52676860322628
18.48,-41.5891929203517
18.5,-41.64621657198752
18.52,-41.698050238594945
18.54,-41.744811214432914
18.56,-41.786775177978264
18.58,-41.82408503716064
18.6,-41.85698126128265
18.62,-41.88567050669145
18.64,-41.91042312675854
18.66,-41.931421951153474
18.68,-41.94893095847549
18.7,-41.96316291337505
18.72,-41.974350481832076
18.74,-41.98272882629982
18.76,-41.98849572419259
18.78,-41.99187560023636
18.8,-41.993073531843926
18.82,-41.992283740155905
18.84,-41.98969412012541
18.86,-41.98548707383114
18.88,-41.97982753362058
18.9,-41.97288818118219
18.92,-41.964814347472476
18.94,-41.955751916522566
18.96,-41.94583973075457
18.98,-41.93520965018437
19.0,-41.92394217861365
19.02,-41.912193176687715
19.04,-41.90004917443969
19.06,-41.88758409566007
19.08,-41.87488874830907
19.1,-41.862048720391755
19.12,-41.84911337231823
19.14,-41.8361870079343
19.16,-41.823273632128114
19.18,-41.81050237910497
19.2,-41.79782879172823
19.22,-41.785338935671774
19.24,-41.77308196181598
19.26,-41.76106542242172
19.28,-41.749290541305584
19.3,-41.737872486552924
19.32,-41.726726815370995
19.34,-41.715923402867105
19.36,-41.70549087632289
19.38,-41.69537092609213
19.4,-41.68567095711808
19.42,-41.676326987158774
19.44,-41.667357433109046
19.46,-41.65873497488297
19.48,-41.65051909702086
19.5,-41.64267932717294
19.52,-41.63522821318405
19.54,-41.6281773683965
19.56,-41.62144497195347
19.58,-41.615085689273414
19.6,-41.60910787805347
19.62,-41.603472138212545
19.64,-41.59818481900333
19.66,-41.59320422316387
19.68,-41.588582852203764
19.7,-41.58427771832902
19.72,-41.58024470441192
19.74,-41.57653522810771
19.76,-41.57315262491891
19.78,-41.57000285723113
19.8,-41.56713655527877
19.82,-41.564555860823276
19.84,-41.562165005364484
19.86,-41.56006302031293
19.88,-41.558202438025646
19.9,-41.55653531673182
19.92,-41.55506245817622
19.94,-41.55383374066274
19.96,-41.552800681716015
19.98,-41.55191452343167
20.0,-41.551224856394214
20.02,-41.55068270978217
20.04,-41.550337585911905
20.06,-41.55009101105006
20.08,-41.54999236762109
20.1,-41.55004169029857
20.12,-41.55023896174691
20.14,-41.55053481111724
20.16,-41.55092916899385
20.18,-41.55142194273403
20.2,-41.552013016392195
20.22,-41.552702250625146
20.24,-41.55348948257836
20.26,-41.554325373168695
20.28,-41.55525894039992
20.3,-41.55624088505751
20.32,-41.557271089214
20.34,-41.55834942870573
20.36,-41.55952472111593
20.38,-41.56069888659279
20.4,-41.561920774933604
20.42,-41.563190236498045
20.44,-41.56450711513731
20.46,-41.565822555766054
20.48,-41.56718519421115
20.5,-41.56854627935107
20.52,-41.569905807723345
20.54,-41.57131224582856
20.56,-41.57271700642348
20.58,-41.57412008566313
20.6,-41.57556977353203
20.62,-41.5769694202174
20.64,-41.57841554893991
20.66,-41.5798117471647
20.68,-41.58125430028917
20.7,-41.582647034153226
20.72,-41.58403805936947
20.74,-41.58542737209882
20.76,-41.58681496850299
20.78,-41.58820084474455
20.8,-41.58953729634021
20.82,-41.590872137330734
20.84,-41.5922053642644
20.86,-41.5934894441022
20.88,-41.59477201681181
20.9,-41.5960530793004
20.92,-41.597285264788106
20.94,-41.59851604422359
20.96,-41.599698157445374
20.98,-41.600878965688274
21.0,-41.60205846649992
21.02,-41.60318955497187
21.04,-41.60427237996385
21.06,-41.60540109807725
21.08,-41.60643469028467
21.1,-41.60746726105954
21.12,-41.60849880873292
21.14,-41.60948251194123
21.16,-41.610418502721735
21.18,-41.6114003787589
21.2,-41.61228793457028
21.22,-41.61317472145893
21.24,-41.61406073835115
21.26,-41.61489941152879
21.28,-41.615690855491195
21.3,-41.61648168058788
21.32,-41.617271886050375
21.34,-41.61801504211789
21.36,-41.61875764798425
21.38,-41.61945334072013
21.4,-41.620102216674844
21.42,-41.620750670003204
21.44,-41.621398700276465
21.46,-41.62200006349137
21.48,-41.622601061216365
21.5,-41.62315550365108
21.52,-41.623709634100244
21.54,-41.62426345229407
21.56,-41.62477084443372
21.58,-41.625231881957525
21.6,-41.62569270212225
21.62,-41.626153304771854
21.64,-41.62661368975031
21.66,-41.62702784999314
21.68,-41.627395844216814
21.7,-41.6277636988614
21.72,-41.628131413847036
21.74,-41.62849898909389
21.76,-41.628820502742656
21.78,-41.62914190928931
21.8,-41.62946320868038
21.82,-41.62973852283081
21.84,-41.63001375818175
21.86,-41.630288914699506
21.88,-41.63051815155358
21.9,-41.63074733361953
21.92,-41.630976460877896
21.94,-41.6312055333092
21.96,-41.631388751765655
21.98,-41.63157193511036
22.0,-41.63175508333333
22.02,-41.6319381964246
22.04,-41.63207550818188
22.06,-41.632212800167764
22.08,-41.632350072378046
22.1,-41.63248732480852
22.12,-41.63262455745499
22.14,-41.63271603489277
22.16,-41.63280750353455
22.18,-41.63289896337907
22.2,-41.63299041442509
22.22,-41.63308185667136
22.24,-41.633173290116645
22.26,-41.63321900353853
22.28,-41.63331042377999
22.3,-41.63335613059925
22.32,-41.63340183521734
22.34,-41.63344753763409
22.36,-41.633493237849336
22.38,-41.633493237849336
22.4,-41.633538935862944
22.42,-41.633538935862944
22.44,-41.63358463167474
22.46,-41.63358463167474
22.48,-41.633630325284585
22.5,-41.633630325284585
22.52,-41.633630325284585
22.54,-41.633630325284585
22.56,-41.633630325284585
22.58,-41.633630325284585
22.6,-41.633630325284585
22.62,-41.63358463167474
22.64,-41.63358463167474
22.66,-41.63358463167474
22.68,-41.633538935862944
22.7,-41.633538935862944
22.72,-41.633538935862944
22.74,-41.633493237849336
22.76,-41.633493237849336
22.78,-41.63344753763409
22.8,-41.63344753763409
22.82,-41.63340183521734
22.84,-41.63335613059925
22.86,-41.63335613059925
22.88,-41.63331042377999
22.9,-41.63326471475969
22.92,-41.63326471475969
22.94,-41.63321900353853
22.96,-41.633173290116645
22.98,-41.633173290116645
23.0,-41.6331275744942
23.02,-41.63308185667136
23.04,-41.63303613664827
23.06,-41.63303613664827
23.08,-41.63299041442509
23.1,-41.63294469000197
23.12,-41.63289896337907
23.14,-41.63289896337907
23.16,-41.63285323455654
23.18,-41.63280750353455
23.2,-41.63276177031324
23.22,-41.63276177031324
23.24,-41.63271603489277
23.26,-41.63267029727331
23.28,-41.63267029727331
23.3,-41.63262455745499
23.32,-41.63257881543798
23.34,-41.63257881543798
23.36,-41.63253307122244
23.38,-41.63248732480852
23.4,-41.63248732480852
23.42,-41.63244157619638
23.44,-41.63239582538617
23.46,-41.63239582538617
23.48,-41.632350072378046
23.5,-41.632350072378046
23.52,-41.632304317172164
23.54,-41.63225855976869
23.56,-41.63225855976869
23.58,-41.632212800167764
23.6,-41.632212800167764
23.62,-41.63216703836955
23.64,-41.63216703836955
23.66,-41.6321212743742
23.68,-41.6321212743742
23.7,-41.63207550818188
23.72,-41.63207550818188
23.74,-41.632029739792735
23.76,-41.632029739792735
23.78,-41.632029739792735
23.8,-41.63198396920692
23.82,-41.63198396920692
23.84,-41.6319381964246
23.86,-41.6319381964246
23.88,-41.6319381964246
23.9,-41.631892421445926
23.92,-41.631892421445926
23.94,-41.631892421445926
23.96,-41.63184664427105
23.98,-41.63184664427105
24.0,-14.122062694347056
24.02,-14.08872722228728
24.04,-13.996120864453626
24.06,-13.854118563860425
24.08,-13.67041584619051
24.1,-13.452287483555805
24.12,-13.205862812798957
24.14,-12.936376387129892
24.16,-12.648164115746289
24.18,-12.345874921885898
24.2,-12.032739010944924
24.22,-11.711779551867993
24.24,-11.386504710754423
24.26,-11.058735138606787
24.28,-10.731448945643843
24.3,-10.40593880009403
24.32,-10.084378056435652
24.34,-9.767964991930956
24.36,-9.45850085676851
24.38,-9.156831807044494
24.4,-8.863758585923641
24.42,-8.580636216690213
24.44,-8.307725665823446
24.46,-8.046035145100324
24.48,-7.7957356032290726
24.5,-7.55734273314469
24.52,-7.331143434293457
24.54,-7.117554198116053
24.56,-6.916617248915784
24.58,-6.728664444378388
24.6,-6.553678341472098
24.62,-6.391631716466831
24.64,-6.242733964333156
24.66,-6.1067667297776955
24.68,-5.983634677721362
24.7,-5.873415612272091
24.72,-5.775824978983962
24.74,-5.690741111643688
24.76,-5.617833903689761
24.78,-5.556832984666527
24.8,-5.507473989997516
24.82,-5.469370692675373
24.84,-5.442040951193651
24.86,-5.425098719501083
24.88,-5.418012232114205
24.9,-5.420259125626476
24.92,-5.431262162179938
24.94,-5.450430945727531
24.96,-5.477138030024906
24.98,-5.510775502636142
25.0,-5.550626128327192
25.02,-5.596055038663075
25.04,-5.646453381702571
25.06,-5.701150403012651
25.08,-5.759471999664512
25.1,-5.820747528350037
25.12,-5.884551695131063
25.14,-5.950161409969537
25.16,-6.017106189144053
25.18,-6.084966897732963
25.2,-6.153083985589114
25.22,-6.221255464147727
25.24,-6.28888400808297
25.26,-6.3557049162846875
25.28,-6.4216701211924585
25.3,-6.4861154916045605
25.32,-6.549069009153316
25.34,-6.610262908832885
25.36,-6.66945651064597
25.38,-6.726798659723494
25.4,-6.781746102883595
25.42,-6.834688966141712
25.44,-6.8853112031313035
25.46,-6.933685052787649
25.48,-6.9797151539847
25.5,-7.023320951104181
25.52,-7.064816797650181
25.54,-7.103959886199638
25.56,-7.14089837676613
25.58,-7.17579061292403
25.6,-7.208418999727199
25.62,-7.238955775199296
25.64,-7.267578873439164
25.66,-7.294278428787239
25.68,-7.319048041392989
25.7,-7.341884223586194
25.72,-7.363169226392297
25.74,-7.382711292335434
25.76,-7.400703341494853
25.78,-7.416956344187682
25.8,-7.432046451156118
25.82,-7.445594357818078
25.84,-7.457794204475155
25.86,-7.468649172155608
25.88,-7.478352635605997
25.9,-7.486907222232436
25.92,-7.494315444915903
25.94,-7.50076939012521
25.96,-7.506081164464423
25.98,-7.5104421686883756
26.0,-7.514043186072312
26.02,-7.516695656134994
26.04,-7.518589799073843
26.06,-7.519726091971622
26.08,-7.520294183918447
26.1,-7.519915459998146
26.12,-7.5191579636628605
26.14,-7.517642777691183
26.16,-7.5155589785708035
26.18,-7.513095687304201
26.2,-7.510063032134107
26.22,-7.506460463025528
26.24,-7.502477068946824
26.26,-7.498302208977603
26.28,-7.493555878659138
26.3,-7.488427299723681
26.32,-7.483106046879376
26.34,-7.4775918924043765
26.36,-7.471694318892157
26.38,-7.465412798305886
26.4,-7.45912781700136
26.42,-7.452648876098175
26.44,-7.445975784801811
26.46,-7.43891755121927
26.48,-7.432046451156118
26.5,-7.424789895145629
26.52,-7.417720775294445
26.54,-7.410265942791656
26.56,-7.4029988734397945
26.58,-7.395537262532632
26.6,-7.388072480455075
26.62,-7.380604703057957
26.64,-7.373134105916515
26.66,-7.3656608643233685
26.68,-7.358185153281537
26.7,-7.350707147497509
26.72,-7.343227021374342
26.74,-7.335936819897079
26.76,-7.3284530183367576
26.78,-7.321159565382471
26.8,-7.314056735217889
26.82,-7.3069527612351575
26.84,-7.29984779072052
26.86,-7.292741970677169
26.88,-7.286019599729603
26.9,-7.279104635484145
26.92,-7.2725734667215525
26.94,-7.265849951832313
26.96,-7.25951051241068
26.98,-7.252978952558857
27.0,-7.246831686843335
27.02,-7.240684598863811
27.04,-7.2347298650497756
27.06,-7.228775470507425
27.08,-7.223013555943433
27.1,-7.217444154505568
27.12,-7.211875264564825
27.14,-7.2064989552652285
27.16,-7.201315227325684
27.18,-7.1963240708778775
27.2,-7.191333535027105
27.22,-7.186343669054485
27.24,-7.18173827603691
27.26,-7.177133534345047
27.28,-7.172721303755172
27.3,-7.168309740640469
27.32,-7.1640906403867906
27.34,-7.1600639431299875
27.36,-7.156037883107649
27.38,-7.152204156116381
27.4,-7.148562692500343
27.42,-7.14492181037024
27.44,-7.14147310712538
27.46,-7.1380249587730376
27.48,-7.134960416804765
27.5,-7.131704847799371
27.52,-7.1286412716917065
27.54,-7.125769609783702
27.56,-7.1230897851041295
27.58,-7.120410347641668
27.6,-7.117731304880651
27.62,-7.115243982270628
27.64,-7.112948305129214
27.66,-7.110652933258405
27.68,-7.108357871351962
27.7,-7.106254340904497
27.72,-7.104342272969251
27.74,-7.102430429234692
27.76,-7.100518812407494
27.78,-7.098798553504102
27.8,-7.097078482556348
27.82,-7.0955496899841695
27.84,-7.09402104885722
27.86,-7.09249256055622
27.88,-7.091155259742616
27.9,-7.089818077916596
27.92,-7.08867201746998
27.94,-7.087526045702224
27.96,-7.086380163194127
27.98,-7.085425329707324
28.0,-7.084279612349438
28.02,-7.08351585124377
28.04,-7.082561206938173
28.06,-7.081797537364153
28.08,-7.081033908749823
28.1,-7.080270321266769
28.12,-7.079697657750063
28.14,-7.079125017538524
28.16,-7.078552400704479
28.18,-7.077979807320227
28.2,-7.077407237458056
28.22,-7.077025537320121
28.24,-7.076643847689971
28.26,-7.076262168589012
28.28,-7.075880500038644
28.3,-7.075498842060264
28.32,-7.075308017042255
28.34,-7.075117194675265
28.36,-7.074926374961969
28.38,-7.074735557905038
28.4,-7.074544743507149
28.42,-7.074353931770969
28.44,-7.074353931770969
28.46,-7.074163122699176
28.48,-7.074163122699176
28.5,-7.074163122699176
28.52,-7.073972316294441
28.54,-7.073972316294441
28.56,-7.073972316294441
28.58,-7.073972316294441
28.6,-7.074163122699176
28.62,-7.074163122699176
28.64,-7.074163122699176
28.66,-7.074353931770969
28.68,-7.074353931770969
28.7,-7.074544743507149
28.72,-7.074544743507149
28.74,-7.074735557905038
28.76,-7.074926374961969
28.78,-7.074926374961969
28.8,-7.075117194675265
28.82,-7.075308017042255
28.84,-7.075498842060264
28.86,-7.075498842060264
28.88,-7.075689669726618
28.9,-7.075880500038644
28.92,-7.076071332993667
28.94,-7.076262168589012
28.96,-7.076453006822005
28.98,-7.076643847689971
29.0,-7.076834691190235
29.02,-7.077025537320121
29.04,-7.077216386076953
29.06,-7.077407237458056
29.08,-7.077598091460753
29.1,-7.07778894808237
29.12,-7.077979807320227
29.14,-7.078170669171648
29.16,-7.0783615336339585
29.18,-7.078552400704479
29.2,-7.0787432703805315
29.22,-7.078934142659439
29.24,-7.079125017538524
29.26,-7.079315895015109
29.28,-7.079315895015109
29.3,-7.079506775086515
29.32,-7.079697657750063
29.34,-7.079888543003073
29.36,-7.0800794308428685
29.38,-7.080270321266769
29.4,-7.080461214272094
29.42,-7.080652109856166
29.44,-7.080652109856166
29.46,-7.080843008016302
29.48,-7.081033908749823
29.5,-7.08122481205405
29.52,-7.0814157179263
29.54,-7.0814157179263
29.56,-7.081606626363896
29.58,-7.081797537364153
29.6,-7.08198845092439
29.62,-7.08198845092439
29.64,-7.0821793670419275
29.66,-7.082370285714082
29.68,-7.082370285714082
29.7,-7.082561206938173
29.72,-7.082561206938173
29.74,-7.0827521307115155
29.76,-7.08294305703143
29.78,-7.08294305703143
29.8,-7.083133985895232
29.82,-7.083133985895232
29.84,-7.08332491730024
29.86,-7.08332491730024
29.88,-7.08351585124377
29.9,-7.08351585124377
29.92,-7.08351585124377
29.94,-7.0837067877231386
29.96,-7.0837067877231386
29.98,-7.083897726735661
30.0,20.65760691910219
30.02,20.667954931498745
30.04,20.696284924460553
30.06,20.739547350473778
30.08,20.79489594305769
30.1,20.85982559086004
30.12,20.932098312283962
30.14,21.00994026119469
30.16,21.091647604639498
30.18,21.175786520341237
30.2,21.261098617763814
30.22,21.3464937934835
30.24,21.43103364693259
30.26,21.513900321747617
30.28,21.594417477647
30.3,21.671983386903758
30.32,21.746124288239205
30.34,21.816439912155168
30.36,21.88262590138483
30.38,21.944426433746997
30.4,22.00168417613429
30.42,22.054274873630376
30.44,22.102140740476557
30.46,22.145274167781444
30.48,22.18370200017395
30.5,22.21750565832538
30.52,22.246745507862716
30.54,22.27162109212637
30.56,22.292229387367147
30.58,22.308762670639656
30.6,22.321408049926337
30.62,22.330386448682216
30.64,22.335895995265762
30.66,22.338165596799527
30.68,22.33742455921555
30.7,22.333901446552485
30.72,22.32782298196515
30.74,22.31942442316262
30.76,22.308934009064977
30.78,22.296557599917683
30.8,22.28250390772677
30.82,22.266996911984542
30.84,22.250238502128575
30.86,22.23236982165962
30.88,22.21361947842149
30.9,22.194133217870732
30.92,22.174040044768013
30.94,22.153520097950626
30.96,22.132716106685628
30.98,22.111688676138492
31.0,22.090591771326316
31.02,22.06949842063506
31.04,22.048548927958812
31.06,22.02775674137233
31.08,22.00724598769095
31.1,21.987051721126974
31.12,21.967242681169584
31.14,21.94788147562946
31.16,21.928934643475728
31.18,21.91054129113214
31.2,21.89265532436426
31.22,21.875268621027214
31.24,21.858508839806056
31.26,21.842313114711445
31.28,21.826659996031093
31.3,21.811668452148407
31.32,21.797214737834675
31.34,21.783364361122405
31.36,21.770132799706477
31.38,21.757484458934492
31.4,21.74538131118553
31.42,21.73388212154643
31.44,21.72294582675152
31.46,21.712529719964703
31.48,21.70268921851138
31.5,21.69332976994513
31.52,21.684505155906898
31.54,21.676168907831105
31.56,21.66832378453531
31.58,21.66092205504891
31.6,21.65401558175363
31.62,21.64750574865965
31.64,21.641443792793545
31.66,21.635780554721673
31.68,21.630566893439582
31.7,21.62565296219321
31.72,21.621139452124417
31.74,21.616976533310087
31.76,21.613164431744185
31.78,21.609653144188176
31.8,21.606492935938988
31.82,21.60358354727379
31.84,21.60097517500054
31.86,21.59861767213091
31.88,21.596561196096552
31.9,21.59470542071393
31.92,21.593150640842694
31.94,21.591746375733997
31.96,21.590592912941222
31.98,21.589640082161093
32.0,21.588887867467857
32.02,21.58828610906544
32.04,21.587884943601818
32.06,21.58763421801266
32.08,21.5875339283935
32.1,21.58758407315882
32.12,21.58778465310307
32.14,21.588135671370168
32.16,21.58853684026174
32.18,21.58908845626599
32.2,21.589790527264054
32.22,21.590542763264605
32.24,21.591345166958806
32.26,21.592298045065526
32.28,21.593301100855193
32.3,21.594404491138395
32.32,21.595558065374185
32.34,21.59676182460359
32.36,21.598015769272724
32.38,21.599319899150697
32.4,21.600674213244044
32.42,21.602078709707627
32.44,21.603533385752037
32.46,21.604988075646983
32.48,21.606492935938988
32.5,21.60804796106241
32.52,21.609602982351394
32.54,21.611157993027618
32.56,21.612712986309713
32.58,21.61431811522786
32.6,21.61587305225364
32.62,21.61747810862921
32.64,21.619083117067863
32.66,21.620688070094243
32.68,21.62229296022983
32.7,21.623847630514966
32.72,21.625452374967416
32.74,21.627006890067403
32.76,21.628561318483005
32.78,21.630115653401692
32.8,21.631669888008428
32.82,21.633173884083263
32.84,21.634677773647816
32.86,21.63618155051905
32.88,21.637635088559406
32.9,21.63908850992579
32.92,21.640491697361917
32.94,21.641894765786937
32.96,21.643247607202465
32.98,21.644600328758717
33.0,21.64595292593889
33.02,21.647205215908723
33.04,21.648507476396468
33.06,21.649759529809653
33.08,21.65096138690496
33.1,21.65216312892896
33.12,21.65331468744986
33.14,21.65446613457492
33.16,21.655567411965965
33.18,21.65666858242975
33.2,21.657719597693703
33.22,21.658770511168804
33.24,21.659771284562186
33.26,21.660721930303005
33.28,21.66167248773647
33.3,21.662572932942687
33.32,21.66347329613322
33.34,21.664373575965474
33.36,21.66517375363997
33.38,21.66602386803502
33.4,21.666773904443357
33.42,21.667573875685598
33.44,21.668273792560722
33.46,21.66902364271489
33.48,21.669673461399004
33.5,21.670373212097775
33.52,21.670972953340947
33.54,21.671622625586267
33.56,21.67222227883119
33.58,21.672771923336803
33.6,21.673321531527108
33.62,21.67387110309531
33.64,21.67437068157416
33.66,21.67487022930271
33.68,21.67531979577635
33.7,21.675769336987432
33.72,21.676168907831105
33.74,21.67661840086542
33.76,21.676967988766194
33.78,21.677367498621482
33.8,21.677717052878684
33.82,21.67806659131125
33.84,21.678366183026945
33.86,21.67866576300845
33.88,21.67896533120594
33.9,21.679264887569605
33.92,21.679514508796988
33.94,21.679764121743002
33.96,21.680013726378824
33.98,21.68021340408476
34.0,21.680413076438953
34.02,21.680612743426643
34.04,21.680812405033063
34.06,21.68096214769754
34.08,21.68116179985121
34.1,21.681311535409172
34.12,21.68141135741707
34.14,21.681561087878187
34.16,21.681660906482417
34.18,21.68181063182939
34.2,21.681910447018424
34.22,21.682010260838148
34.24,21.682060167233942
34.26,21.682159978996243
34.28,21.682209884362287
34.3,21.68230969406301
34.32,21.68235959839723
34.34,21.682409502387042
34.36,21.682459406032223
34.38,21.682509309332534
34.4,21.682509309332534
34.42,21.682559212287753
34.44,21.682559212287753
34.46,21.682609114897645
34.48,21.682609114897645
34.5,21.682609114897645
34.52,21.682609114897645
34.54,21.682609114897645
34.56,21.682609114897645
34.58,21.682609114897645
34.6,21.682609114897645
34.62,21.682609114897645
34.64,21.682559212287753
34.66,21.682559212287753
34.68,21.682559212287753
34.7,21.682509309332534
34.72,21.682509309332534
34.74,21.682459406032223
34.76,21.682459406032223
34.78,21.682409502387042
34.8,21.682409502387042
34.82,21.68235959839723
34.84,21.68230969406301
34.86,21.68230969406301
34.88,21.68225978938462
34.9,21.682209884362287
34.92,21.682159978996243
34.94,21.682159978996243
34.96,21.68211007328672
34.98,21.682060167233942
35.0,21.682010260838148
35.02,21.682010260838148
35.04,21.681960354099566
35.06,21.681910447018424
35.08,21.681860539594954
35.1,21.68181063182939
35.12,21.68181063182939
35.14,21.681760723721958
35.16,21.68171081527289
35.18,21.681660906482417
35.2,21.681610997350774
35.22,21.681610997350774
35.24,21.681561087878187
35.26,21.681511178064884
35.28,21.681461267911104
35.3,21.681461267911104
35.32,21.68141135741707
35.34,21.681361446583015
35.36,21.681311535409172
35.38,21.681311535409172
35.4,21.68126162389577
35.42,21.68121171204304
35.44,21.68121171204304
35.46,21.68116179985121
35.48,21.681111887320515
35.5,21.681111887320515
35.52,21.681061974451186
35.54,21.681012061243447
35.56,21.681012061243447
35.58,21.68096214769754
35.6,21.68096214769754
35.62,21.680912233813682
35.64,21.680912233813682
35.66,21.680862319592112
35.68,21.680862319592112
35.7,21.680812405033063
35.72,21.680812405033063
35.74,21.680762490136757
35.76,21.680762490136757
35.78,21.680712574903435
35.8,21.680712574903435
35.82,21.68066265933332
35.84,21.68066265933332
35.86,21.68066265933332
35.88,21.680612743426643
35.9,21.680612743426643
35.92,21.680562827183635
35.94,21.680562827183635
35.96,21.680562827183635
35.98,21.680512910604534
36.0,-23.7940469014759
36.02,-23.84214724551219
36.04,-23.97555701992906
36.06,-24.180431468237988
36.08,-24.44558924039663
36.1,-24.761238521774782
36.12,-25.118730587612088
36.14,-25.511151771456515
36.16,-25.932307788926046
36.18,-26.37654210444329
36.2,-26.839180033124904
36.22,-27.316358711879772
36.24,-27.80443718950691
36.26,-28.300617347936814
36.28,-28.802118198235682
36.3,-29.306563317997835
36.32,-29.812154221056215
36.34,-30.317170202152145
36.36,-30.819638784328387
36.38,-31.318026472320657
36.4,-31.810702855718684
36.42,-32.296124896228044
36.44,-32.77269048749585
36.46,-33.23886204205435
36.48,-33.69315667411115
36.5,-34.13410483403479
36.52,-34.560494860918446
36.54,-34.97095811235397
36.56,-35.364383545117875
36.58,-35.7401381594
36.6,-36.097376898067246
36.62,-36.435431037513474
36.64,-36.75427958265224
36.66,-37.053576394399684
36.68,-37.33344231081053
36.7,-37.593857504783124
36.72,-37.835477601861434
36.74,-38.05864465603953
36.76,-38.26381423354352
36.78,-38.45175315359691
36.8,-38.62315966157757
36.82,-38.77868528186731
36.84,-38.9192137859412
36.86,-39.04562631756987
36.88,-39.158648324277934
36.9,-39.25917182205833
36.92,-39.34800514512462
36.94,-39.42606224986585
36.96,-39.49400700027812
36.98,-39.55275407283279
37.0,-39.602984843977964
37.02,-39.645450830470466
37.04,-39.68086345227676
37.06,-39.709869490839836
37.08,-39.73313183826401
37.1,-39.75120818682606
37.12,-39.76468250549132
37.14,-39.77406594042705
37.16,-39.7798530425064
37.18,-39.782481458544325
37.2,-39.78237114400468
37.22,-39.779897277342535
37.24,-39.77541441355116
37.26,-39.769225342075366
37.28,-39.76161701799084
37.3,-39.75285588600062
37.32,-39.74315617324538
37.34,-39.732733726525154
37.36,-39.72176767994141
37.38,-39.71041443747399
37.4,-39.698809633434074
37.42,-39.68709400439374
37.44,-39.67534560664437
37.46,-39.66370100915168
37.48,-39.652181495424905
37.5,-39.64090070166409
37.52,-39.62990961157249
37.54,-39.61924835572977
37.56,-39.60891655517768
37.58,-39.59902864430424
37.6,-39.58950635946116
37.62,-39.580453570234354
37.64,-39.57187503873028
37.66,-39.563736019393474
37.68,-39.556063288688904
37.7,-39.54884643259871
37.72,-39.54214098370887
37.74,-39.5358606872123
37.76,-39.53005577085455
37.78,-39.524668616545995
37.8,-39.51974627395601
37.82,-39.515262957790775
37.84,-39.511190871593804
37.86,-39.507500498531925
37.88,-39.504234403349706
37.9,-39.50136115529732
37.92,-39.49881107137577
37.94,-39.49662438031064
37.96,-39.49476681612093
37.98,-39.493240592094914
38.0,-39.49201019874159
38.02,-39.49107691732541
38.04,-39.49044171366904
38.06,-39.49003045311987
38.08,-39.48988085587892
38.1,-39.48999305620615
38.12,-39.4902921867638
38.14,-39.490778055602014
38.16,-39.49148768470404
38.18,-39.492383230266874
38.2,-39.49342686231136
38.22,-39.49461803584536
38.24,-39.49599326394148
38.26,-39.497477494852724
38.28,-39.49907013175196
38.3,-39.50080745510285
38.32,-39.502614834730586
38.34,-39.50452852512574
38.36,-39.506511058667805
38.38,-39.508598442424564
38.4,-39.510716838188365
38.42,-39.51290229401416
38.44,-39.51515416297401
38.46,-39.5174356117637
38.48,-39.51974627395601
38.5,-39.522121708760295
38.52,-39.5244895458963
38.54,-39.52688543859276
38.56,-39.529273401543314
38.58,-39.53168884573158
38.6,-39.53413135456799
38.62,-39.53653007728159
38.64,-39.53895551006704
38.66,-39.5413372970931
38.68,-39.543745436430584
38.7,-39.54611007349577
38.72,-39.548466118588024
38.74,-39.55077906119737
38.76,-39.553083560917436
38.78,-39.55537956724455
38.8,-39.55763295150172
38.82,-39.559844043352406
38.84,-39.56201317104406
38.86,-39.56417436875028
38.88,-39.566294009902066
38.9,-39.56837242146507
38.92,-39.570376585955216
38.94,-39.572406853876906
38.96,-39.57436351837974
38.98,-39.57624725049061
39.0,-39.57812446029539
39.02,-39.57996235488544
39.04,-39.58176124448196
39.06,-39.58352143633178
39.08,-39.58521080112221
39.1,-39.58686228512992
39.12,-39.588476180971675
39.14,-39.5900527776458
39.16,-39.59159236040555
39.18,-39.59309521063501
39.2,-39.59452977480925
39.22,-39.595960082803316
39.24,-39.59732283091812
39.26,-39.598650109365195
39.28,-39.599910701716425
39.3,-39.60116788579856
39.32,-39.602359044055916
39.34,-39.60354710758967
39.36,-39.604669778496074
39.38,-39.6057585859889
39.4,-39.60681374955847
39.42,-39.60783548340189
39.44,-39.60879313903527
39.46,-39.60974870200785
39.48,-39.61067144321628
39.5,-39.61153089200868
39.52,-39.61238862198856
39.54,-39.613183543319145
39.56,-39.61397697655719
39.58,-39.61473848707773
39.6,-39.61543785702213
39.62,-39.61613605597996
39.64,-39.61680280087823
39.66,-39.61743823641662
39.68,-39.61804250109172
39.7,-39.61861572714477
39.72,-39.619188147818626
39.74,-39.61969963008081
39.76,-39.620210465872795
39.78,-39.62069066122598
39.8,-39.621170282530905
39.82,-39.62158947974166
39.84,-39.62200823647519
39.86,-39.62239668721039
39.88,-39.62278475739274
39.9,-39.62314263794008
39.92,-39.62347040974163
39.94,-39.623797908357254
39.96,-39.624095397124464
39.98,-39.624362943687046
40.0,-39.62463030697214
40.02,-39.62489748685952
40.04,-39.62513482603202
40.06,-39.62534237879476
40.08,-39.625549820419266
40.1,-39.62575715084899
40.12,-39.62593477410106
40.14,-39.62608273101513
40.16,-39.62623063112299
40.18,-39.62637847440404
40.2,-39.62652626083768
40.22,-39.62664444904062
40.24,-39.62676260083748
40.26,-39.626851190787306
40.28,-39.626939760248334
40.3,-39.62702830921612
40.32,-39.627087330473984
40.34,-39.62717584527648
40.36,-39.627234843753364
40.38,-39.62726433957388
40.4,-39.627323324378224
40.42,-39.627352813361725
40.44,-39.6273823000659
40.46,-39.62741178449057
40.48,-39.62741178449057
40.5,-39.62744126663558
40.52,-39.62744126663558
40.54,-39.62744126663558
40.56,-39.62744126663558
40.58,-39.62744126663558
40.6,-39.62741178449057
40.62,-39.62741178449057
40.64,-39.6273823000659
40.66,-39.6273823000659
40.68,-39.627352813361725
40.7,-39.627323324378224
40.72,-39.62729383311555
40.74,-39.62726433957388
40.76,-39.627234843753364
40.78,-39.62717584527648
40.8,-39.62714634262044
40.82,-39.627116837686216
40.84,-39.62705782098389
40.86,-39.62702830921612
40.88,-39.62696927884818
40.9,-39.626939760248334
40.92,-39.626880716217734
40.94,-39.626851190787306
40.96,-39.62679213309701
40.98,-39.62673306630191
41.0,-39.62670352949047
41.02,-39.62664444904062
41.04,-39.62658535948925
41.06,-39.62652626083768
41.08,-39.62649670809974
41.1,-39.62643759580034
41.12,-39.62637847440404
41.14,-39.626348910294965
41.16,-39.626289775255785
41.18,-39.62623063112299
41.2,-39.62617147789791
41.22,-39.626141897876174
41.24,-39.62608273101513
41.26,-39.626023555065096
41.28,-39.62599396368211
41.3,-39.62593477410106
41.32,-39.62590517590331
41.34,-39.62584597269421
41.36,-39.62581636768318
41.38,-39.62575715084899
41.4,-39.62569792493306
41.42,-39.62566830856985
41.44,-39.62563868993671
41.46,-39.62557944586125
41.48,-39.625549820419266
41.5,-39.62549056272763
41.52,-39.6254609304783
41.54,-39.62543129596018
41.56,-39.62537202011825
41.58,-39.62534237879476
41.6,-39.625312735203146
41.62,-39.62528308934357
41.64,-39.625253441216195
41.66,-39.62519413815871
41.68,-39.625164483228936
41.7,-39.62513482603202
41.72,-39.62510516656813
41.74,-39.62507550483743
41.76,-39.625045840840095
41.78,-39.625016174576274
41.8,-39.62498650604614
41.82,-39.62495683524987
41.84,-39.6249271621876
41.86,-39.6249271621876
41.88,-39.62489748685952
41.9,-39.62486780926578
41.92,-39.624838129406555
41.94,-39.624838129406555
41.96,-39.62480844728201
41.98,-39.6247787628923
42.0,-43.57042211649288
42.02,-43.56982535162458
42.04,-43.56811072267351
42.06,-43.56550787397418
42.08,-43.562124689054784
42.1,-43.55810922794134
42.12,-43.55348887095834
42.14,-43.548414943315954
42.16,-43.54291819859293
42.18,-43.537072586479226
42.2,-43.530912297284736
42.22,-43.52451615929695
42.24,-43.51787924609159
42.26,-43.51104063195591
42.28,-43.504085733041364
42.3,-43.49696869308434
42.32,-43.48977818379221
42.34,-43.48246883852789
42.36,-43.47513257482773
42.38,-43.467771303748655
42.4,-43.460386909879404
42.42,-43.45298125144509
42.44,-43.44560427686142
42.46,-43.43821051776782
42.48,-43.43085068316106
42.5,-43.42357707151009
42.52,-43.416344003884305
42.54,-43.409154270275224
42.56,-43.402061087775856
42.58,-43.395017352071704
42.6,-43.388076844226084
42.62,-43.38124310851366
42.64,-43.37451957340725
42.66,-43.3679095539117
42.68,-43.3613637309825
42.7,-43.35493711347978
42.72,-43.34868584327046
42.74,-43.342506869582856
42.76,-43.33645583042392
42.78,-43.33058938898327
42.8,-43.32480250549848
42.82,-43.31915138000168
42.84,-43.313638431715816
42.86,-43.308265987354574
42.88,-43.30303628305936
42.9,-43.297951466289
42.92,-43.293013597660895
42.94,-43.28816886643151
42.96,-43.283474565549305
42.98,-43.27893252939649
43.0,-43.274544511941535
43.02,-43.270312188340625
43.04,-43.266180476315846
43.06,-43.26215042516931
43.08,-43.25833703487739
43.1,-43.25457074708004
43.12,-43.251023885545024
43.14,-43.24752591542398
43.16,-43.24419235809831
43.18,-43.24096673236247
43.2,-43.23790758095367
43.22,-43.23495808156296
43.24,-43.2320609245802
43.26,-43.22933265697032
43.28,-43.22677420967232
43.3,-43.224269881161995
43.32,-43.22187833619033
43.34,-43.21954165384252
43.36,-43.2173771818995
43.38,-43.21532702594121
43.4,-43.21333295487033
43.42,-43.21145394495291
43.44,-43.20969040745533
43.46,-43.2079838502444
43.48,-43.20639339547648
43.5,-43.20486039915599
43.52,-43.20338502764212
43.54,-43.20208561867108
43.56,-43.20078519841765
43.58,-43.19960212198875
43.6,-43.19847742759316
43.62,-43.197411234928566
43.64,-43.19640365713994
43.66,-43.19551411992757
43.68,-43.1946834644549
43.7,-43.19385240317631
43.72,-43.193139742265245
43.74,-43.192486208346445
43.76,-43.19183242458505
43.78,-43.191297324906486
43.8,-43.19076205822419
43.82,-43.19028612550662
43.84,-43.18986957626861
43.86,-43.18945292618245
43.88,-43.18915525726316
43.9,-43.18885753693634
43.92,-43.18855976522101
43.94,-43.188381077533215
43.96,-43.18820237135652
43.98,-43.188023646695
44.0,-43.18790448665334
44.02,-43.18778531839925
44.04,-43.18772573119293
44.06,-43.18772573119293
44.08,-43.18766614193395
44.1,-43.18772573119293
44.12,-43.18772573119293
44.14,-43.18778531839925
44.16,-43.18784490355277
44.18,-43.187964067700804
44.2,-43.188083223635786
44.22,-43.18820237135652
44.24,-43.18832151086177
44.26,-43.18850020471299
44.28,-43.18861932367424
44.3,-43.18879798670375
44.32,-43.18903617530027
44.34,-43.189214795160225
44.36,-43.1893933965121
44.38,-43.189631502850496
44.4,-43.18986957626861
44.42,-43.19010761675672
44.44,-43.190345624305074
44.46,-43.19058359890396
44.48,-43.19082154054365
44.5,-43.1910594492144
44.52,-43.191297324906486
44.54,-43.19153516761018
44.56,-43.19183242458505
44.58,-43.19207019302929
44.6,-43.19236735714905
44.62,-43.19260505128457
44.64,-43.1928427123782
44.66,-43.193139742265245
44.68,-43.193377328979025
44.7,-43.193614882619286
44.72,-43.193911778145164
44.74,-43.19414925733445
44.76,-43.19438670341861
44.78,-43.1946834644549
44.8,-43.19492083601695
44.82,-43.19515817444226
44.84,-43.195395479721114
44.86,-43.19563275184377
44.88,-43.19586999080051
44.9,-43.196107196581615
44.92,-43.19634436917735
44.94,-43.19658150857801
44.96,-43.196818614773846
44.98,-43.19699642262421
45.0,-43.197233470688225
45.02,-43.19747048552069
45.04,-43.19764822483098
45.06,-43.19788518148483
45.08,-43.198062877149994
45.1,-43.19824055410327
45.12,-43.198418212340556
45.14,-43.198655060869406
45.16,-43.1988326754201
45.18,-43.19901027124112
45.2,-43.19912865804774
45.22,-43.19930622264354
45.24,-43.199483768498744
45.26,-43.19966129560925
45.28,-43.1997796366005
45.3,-43.199957132460725
45.32,-43.20007545261467
45.34,-43.20025291721321
45.36,-43.20037121652224
45.38,-43.20048950749118
45.4,-43.20060779011881
45.42,-43.20078519841765
45.44,-43.2009034601867
45.46,-43.20096258794172
45.48,-43.201080837191974
45.5,-43.20119907809485
45.52,-43.20131731064914
45.54,-43.20143553485361
45.56,-43.20149464382429
45.58,-43.20161285550177
45.6,-43.201671958208266
45.62,-43.20179015735603
45.64,-43.20184925379698
45.66,-43.201967440412275
45.68,-43.202026530586316
45.7,-43.20208561867108
45.72,-43.202144704666416
45.74,-43.20220378857218
45.76,-43.20226287038821
45.78,-43.20232195011435
45.8,-43.20238102775047
45.82,-43.202440103296404
45.84,-43.20249917675199
45.86,-43.20255824811709
45.88,-43.20261731739155
45.9,-43.20267638457522
45.92,-43.20267638457522
45.94,-43.20273544966795
45.96,-43.20279451266957
45.98,-43.20279451266957
46.0,-43.20285357357995
46.02,-43.20285357357995
46.04,-43.20291263239893
46.06,-43.20291263239893
46.08,-43.20297168912635
46.1,-43.20297168912635
46.12,-43.20303074376207
46.14,-43.20303074376207
46.16,-43.20303074376207
46.18,-43.20308979630594
46.2,-43.20308979630594
46.22,-43.20308979630594
46.24,-43.20308979630594
46.26,-43.2031488467578
46.28,-43.2031488467578
46.3,-43.2031488467578
46.32,-43.2031488467578
46.34,-43.2031488467578
46.36,-43.2031488467578
46.38,-43.203207895117494
46.4,-43.203207895117494
46.42,-43.203207895117494
46.44,-43.203207895117494
46.46,-43.203207895117494
46.48,-43.203207895117494
46.5,-43.203207895117494
46.52,-43.203207895117494
46.54,-43.203207895117494
46.56,-43.203207895117494
46.58,-43.203207895117494
46.6,-43.203207895117494
46.62,-43.203207895117494
46.64,-43.203207895117494
46.66,-43.203207895117494
46.68,-43.203207895117494
46.7,-43.203207895117494
46.72,-43.203207895117494
46.74,-43.203207895117494
46.76,-43.2031488467578
46.78,-43.2031488467578
46.8,-43.2031488467578
46.82,-43.2031488467578
46.84,-43.2031488467578
46.86,-43.2031488467578
46.88,-43.2031488467578
46.9,-43.2031488467578
46.92,-43.2031488467578
46.94,-43.2031488467578
46.96,-43.2031488467578
46.98,-43.20308979630594
47.0,-43.20308979630594
47.02,-43.20308979630594
47.04,-43.20308979630594
47.06,-43.20308979630594
47.08,-43.20308979630594
47.1,-43.20308979630594
47.12,-43.20308979630594
47.14,-43.20308979630594
47.16,-43.20303074376207
47.18,-43.20303074376207
47.2,-43.20303074376207
47.22,-43.20303074376207
47.24,-43.20303074376207
47.26,-43.20303074376207
47.28,-43.20303074376207
47.3,-43.20303074376207
47.32,-43.20303074376207
47.34,-43.20297168912635
47.36,-43.20297168912635
47.38,-43.20297168912635
47.4,-43.20297168912635
47.42,-43.20297168912635
47.44,-43.20297168912635
47.46,-43.20297168912635
47.48,-43.20297168912635
47.5,-43.20297168912635
47.52,-43.20297168912635
47.54,-43.20297168912635
47.56,-43.20291263239893
47.58,-43.20291263239893
47.6,-43.20291263239893
47.62,-43.20291263239893
47.64,-43.20291263239893
47.66,-43.20291263239893
47.68,-43.20291263239893
47.7,-43.20291263239893
47.72,-43.20291263239893
47.74,-43.20291263239893
47.76,-43.20291263239893
47.78,-43.20291263239893
47.8,-43.20291263239893
47.82,-43.20291263239893
47.84,-43.20291263239893
47.86,-43.20285357357995
47.88,-43.20285357357995
47.9,-43.20285357357995
47.92,-43.20285357357995
47.94,-43.20285357357995
47.96,-43.20285357357995
47.98,-43.20285357357995
48.0,-19.07551145422614
48.02,-19.0522658053936
48.04,-18.987475153328184
48.06,-18.888009791268168
48.08,-18.75912108272213
48.1,-18.605691751602226
48.12,-18.431659867468277
48.14,-18.24043452989117
48.16,-18.03510282268828
48.18,-17.8184275525661
48.2,-17.592839665367073
48.22,-17.360225397482683
48.24,-17.122930279176828
48.26,-16.88232784367242
48.28,-16.640226464241824
48.3,-16.397849990979342
48.32,-16.156827947950372
48.34,-15.917995584397833
48.36,-15.682957761262223
48.38,-15.452136974089694
48.4,-15.226888098480124
48.42,-15.00759095862347
48.44,-14.795151647178718
48.46,-14.590416503016781
48.48,-14.393489083952826
48.5,-14.205124263903498
48.52,-14.025520377134718
48.54,-13.85500187705037
48.56,-13.693988557312373
48.58,-13.542682357151715
48.6,-13.40082976952804
48.62,-13.268827693288637
48.64,-13.146602548269337
48.66,-13.03393583648077
48.68,-12.930917973662888
48.7,-12.83725840371517
48.72,-12.752754202829854
48.74,-12.677334567124822
48.76,-12.610544610339533
48.78,-12.552160768717552
48.8,-12.501787879343082
48.82,-12.459187585318816
48.84,-12.423829441000091
48.86,-12.395461480362421
48.88,-12.373565947699067
48.9,-12.357796511824947
48.92,-12.347702559504418
48.94,-12.34285578390195
48.96,-12.3428443929245
48.98,-12.347246397220653
49.0,-12.355650086390318
49.02,-12.367669594811218
49.04,-12.3828881238003
49.06,-12.400979022417092
49.08,-12.421544326139772
49.1,-12.444267279265148
49.12,-12.468810119240038
49.14,-12.494845900935303
49.16,-12.522123387320375
49.18,-12.550423210940993
49.2,-12.579410820345299
49.22,-12.608977499692234
49.24,-12.63873638152892
49.26,-12.66870532971993
49.28,-12.698606080837
49.3,-12.728249152127221
49.32,-12.757646092541657
49.34,-12.7865510557511
49.36,-12.814816920143295
49.38,-12.842512376408662
49.4,-12.869524981664291
49.42,-12.895642906311886
49.44,-12.92098176238074
49.46,-12.945458249343183
49.48,-12.968882434875077
49.5,-12.991522298842947
49.52,-13.013090041457218
49.54,-13.033643344214086
49.56,-13.05325034864071
49.58,-13.071868422633555
49.6,-13.089458574474648
49.62,-13.106107299846382
49.64,-13.121785108817665
49.66,-13.136588934534451
49.68,-13.150247632071611
49.7,-13.163112687699574
49.72,-13.175042313025001
49.74,-13.18614674868306
49.76,-13.196413017714695
49.78,-13.205701933911012
49.8,-13.214385465666536
49.82,-13.22220013751282
49.84,-13.229266241236022
49.86,-13.235577392668102
49.88,-13.241257204236462
49.9,-13.2461720592928
49.92,-13.250577022956282
49.94,-13.254339733267551
49.96,-13.257457534176597
49.98,-13.260188445406264
50.0,-13.262270909347059
50.02,-13.263833758695366
50.04,-13.26487613405838
50.06,-13.265658164973445
50.08,-13.265918889401505
50.1,-13.265658164973445
50.12,-13.265267122813437
50.14,-13.264354898844104
50.16,-13.26318246730273
50.18,-13.261619975275762
50.2,-13.2597981536202
50.22,-13.257717507123376
50.24,-13.255378615313736
50.26,-13.252911900295713
50.28,-13.25005842764302
50.3,-13.247207889057933
50.32,-13.243972216875196
50.34,-13.240740365465232
50.36,-13.23725427696078
50.38,-13.233772686034524
50.4,-13.230038233352738
50.42,-13.226180520137715
50.44,-13.222328442696517
50.46,-13.218353914023039
50.48,-13.214385465666536
50.5,-13.210167705295703
50.52,-13.206084406225596
50.54,-13.201880399241292
50.56,-13.197683430938904
50.58,-13.193493538993735
50.6,-13.189184121551433
50.62,-13.184882296613026
50.64,-13.18071429537617
50.66,-13.176427551348626
50.68,-13.172274263905324
50.7,-13.16800275801814
50.72,-13.163864336430198
50.74,-13.159733292390554
50.76,-13.155609662393191
50.78,-13.1514934828011
50.8,-13.147509185348047
50.82,-13.143531960590405
50.84,-13.139561841330227
50.86,-13.135722595038999
50.88,-13.13189007737666
50.9,-13.128187623661365
50.92,-13.124491525758126
50.94,-13.120801810227281
50.96,-13.117241176895396
50.98,-13.113809028881102
51.0,-13.110382507271728
51.02,-13.107083709952978
51.04,-13.103790183187147
51.06,-13.100501945958257
51.08,-13.097462014637209
51.1,-13.09442664944242
51.12,-13.091395865305694
51.14,-13.088490636213555
51.16,-13.085589655877781
51.18,-13.082934167502467
51.2,-13.08016181503492
51.22,-13.077513683017296
51.24,-13.074989289663991
51.26,-13.072588172946517
51.28,-13.070190056444552
51.3,-13.06779494761719
51.32,-13.065522386867116
51.34,-13.063371950428907
51.36,-13.061223967345022
51.38,-13.059197574203568
51.4,-13.057292388132732
51.42,-13.055270265173421
51.44,-13.053487871212813
51.46,-13.051707198149971
51.48,-13.049928249070511
51.5,-13.048269454729443
51.52,-13.046730494992497
51.54,-13.045192836624732
51.56,-13.043656481620552
51.58,-13.042239466324109
51.6,-13.040823564846123
51.62,-13.039526634949919
51.64,-13.038348422079597
51.66,-13.037053284770995
51.68,-13.035876703510914
51.7,-13.034818445840953
51.72,-13.033760819289103
51.74,-13.032703824508774
51.76,-13.031764804496643
51.78,-13.030826284635559
51.8,-13.030005490396853
51.82,-13.029067909551435
51.84,-13.028365052978678
51.86,-13.027545410410612
51.88,-13.026843165657947
51.9,-13.02614120358801
51.92,-13.025556451273067
51.94,-13.024855007953185
51.96,-13.024270688198463
51.98,-13.023803374082243
52.0,-13.023219408639461
52.02,-13.022752378116307
52.04,-13.022285473726583
52.06,-13.021935378243416
52.08,-13.021468694723412
52.1,-13.021118764957508
52.12,-13.020768906253052
52.14,-13.02041911863388
52.16,-13.020185966391363
52.18,-13.019836297300628
52.2,-13.019603224099125
52.22,-13.019370182526375
52.24,-13.019137172589431
52.26,-13.019020679486589
52.28,-13.018787717016574
52.3,-13.018671247651161
52.32,-13.018438332663932
52.34,-13.018321887043879
52.36,-13.018205449340702
52.38,-13.018205449340702
52.4,-13.018089019555287
52.42,-13.017972597688512
52.44,-13.017972597688512
52.46,-13.017856183741259
52.48,-13.017856183741259
52.5,-13.017856183741259
52.52,-13.017856183741259
52.54,-13.017856183741259
52.56,-13.017856183741259
52.58,-13.017856183741259
52.6,-13.017856183741259
52.62,-13.017856183741259
52.64,-13.017972597688512
52.66,-13.017972597688512
52.68,-13.017972597688512
52.7,-13.018089019555287
52.72,-13.018089019555287
52.74,-13.018205449340702
52.76,-13.018205449340702
52.78,-13.018321887043879
52.8,-13.018438332663932
52.82,-13.018438332663932
52.84,-13.018554786199987
52.86,-13.018671247651161
52.88,-13.018671247651161
52.9,-13.018787717016574
52.92,-13.018904194295343
52.94,-13.019020679486589
52.96,-13.019137172589431
52.98,-13.019137172589431
53.0,-13.019253673602988
53.02,-13.019370182526375
53.04,-13.019486699358717
53.06,-13.019603224099125
53.08,-13.019719756746724
53.1,-13.019719756746724
53.12,-13.019836297300628
53.14,-13.019952845759958
53.16,-13.02006940212383
53.18,-13.020185966391363
53.2,-13.020302538561674
53.22,-13.020302538561674
53.24,-13.02041911863388
53.26,-13.0205357066071
53.28,-13.020652302480451
53.3,-13.020768906253052
53.32,-13.020768906253052
53.34,-13.020885517924016
53.36,-13.021002137492463
53.38,-13.021118764957508
53.4,-13.021235400318272
53.42,-13.021235400318272
53.44,-13.021352043573868
53.46,-13.021468694723412
53.48,-13.021468694723412
53.5,-13.021585353766023
53.52,-13.021702020700817
53.54,-13.021702020700817
53.56,-13.02181869552691
53.58,-13.021935378243416
53.6,-13.021935378243416
53.62,-13.022052068849453
53.64,-13.022052068849453
53.66,-13.022168767344137
53.68,-13.022168767344137
53.7,-13.022285473726583
53.72,-13.022285473726583
53.74,-13.022402187995908
53.76,-13.022402187995908
53.78,-13.022518910151227
53.8,-13.022518910151227
53.82,-13.022635640191655
53.84,-13.022635640191655
53.86,-13.022752378116307
53.88,-13.022752378116307
53.9,-13.022752378116307
53.92,-13.022869123924298
53.94,-13.022869123924298
53.96,-13.022985877614746
53.98,-13.022985877614746
54.0,-45.14882014534807
54.02,-45.17240189076747
54.04,-45.2373833192075
54.06,-45.3363366746177
54.08,-45.46286221898875
54.1,-45.61053622198694
54.12,-45.77486274927669
54.14,-45.95094560106446
54.16,-46.13532883947577
54.18,-46.324670437178334
54.2,-46.51607125409552
54.22,-46.7070614451746
54.24,-46.89558118961496
54.26,-47.07995646794357
54.28,-47.25861875514571
54.3,-47.43013090381237
54.32,-47.59355212526215
54.34,-47.74783258023786
54.36,-47.89249403775431
54.38,-48.02695212059594
54.4,-48.15084984240165
54.42,-48.26394926238515
54.44,-48.36620416547883
54.46,-48.457722953308696
54.48,-48.538558197100286
54.5,-48.60897306716461
54.52,-48.66927921328934
54.54,-48.719831549394826
54.56,-48.76099361958253
54.58,-48.79323481854226
54.6,-48.81702697727362
54.62,-48.83282127245144
54.64,-48.84112402630228
54.66,-48.84243577890917
54.68,-48.83724991960527
54.7,-48.82607793629665
54.72,-48.809391064075186
54.74,-48.78770172854631
54.76,-48.76146535474355
54.78,-48.73113792406073
54.8,-48.697162095080195
54.82,-48.66000913940381
54.84,-48.62005880198524
54.86,-48.57765824209769
54.88,-48.533232739773
54.9,-48.487148450358404
54.92,-48.43969285903527
54.94,-48.39118810874173
54.96,-48.341871866613204
54.98,-48.29209533770136
55.0,-48.242057698425775
55.02,-48.19200734868773
55.04,-48.14209864279071
55.06,-48.09254233821518
55.08,-48.04345228115248
55.1,-47.99509001360051
55.12,-47.947452324383256
55.14,-47.90077393128794
55.16,-47.855015830784474
55.18,-47.81038945711597
55.2,-47.766917351579885
55.22,-47.72470115537353
55.24,-47.68364454257745
55.26,-47.64392211490725
55.28,-47.60560902578379
55.3,-47.568578510459076
55.32,-47.53288793077581
55.34,-47.498589639702786
55.36,-47.465731305555806
55.38,-47.43415510617459
55.4,-47.403997887547575
55.42,-47.375192090408184
55.44,-47.3476649172195
55.46,-47.32154430689679
55.48,-47.29664831370769
55.5,-47.27299646852742
55.52,-47.25071034351555
55.54,-47.229494505219776
55.56,-47.20957051656424
55.58,-47.19074206775471
55.6,-47.17312447545744
55.62,-47.15651734207342
55.64,-47.1409284266954
55.66,-47.12647039457899
55.68,-47.112938521138325
55.7,-47.10033800100695
55.72,-47.088779642764116
55.74,-47.078055578914764
55.76,-47.06816919621527
55.78,-47.059123541060366
55.8,-47.0508147664458
55.82,-47.04335168877931
55.84,-47.03652299463388
55.86,-47.03054376900877
55.88,-47.025095088967014
55.9,-47.020391749116776
55.92,-47.01622094394808
55.94,-47.012583382539844
55.96,-47.00958671784216
55.98,-47.00712448187711
56.0,-47.0050899932791
56.02,-47.00359062654584
56.04,-47.00251951044747
56.06,-47.00187678493713
56.08,-47.00166253380108
56.1,-47.001769659950085
56.12,-47.00230527326188
56.14,-47.0031621940786
56.16,-47.00423324028548
56.18,-47.005732508975726
56.2,-47.007445678289194
56.22,-47.009372635030815
56.24,-47.011620269701915
56.26,-47.01397437653454
56.28,-47.016648802200024
56.3,-47.01942941661492
56.32,-47.02242302172709
56.34,-47.025522549957486
56.36,-47.028834717948875
56.38,-47.03225250923244
56.4,-47.03577580083913
56.42,-47.039404464901814
56.44,-47.043138368556
56.46,-47.04697737383739
56.48,-47.0508147664458
56.5,-47.05475706316705
56.52,-47.058697636739026
56.54,-47.06274290818883
56.56,-47.06678634075039
56.58,-47.07093425595744
56.6,-47.075080211085094
56.62,-47.0791179631391
56.64,-47.083260013880164
56.66,-47.08740006957776
56.68,-47.091538118446685
56.7,-47.09556812194276
56.72,-47.09970217394951
56.74,-47.10372826061623
56.76,-47.107752397731154
56.78,-47.11166875278292
56.8,-47.11558323900431
56.82,-47.11949584624644
56.84,-47.12340656434889
56.86,-47.12720976444951
56.88,-47.13090558738506
56.9,-47.134599693296735
56.92,-47.13829207354718
56.94,-47.14187729661009
56.96,-47.145355499298965
56.98,-47.148832145488484
57.0,-47.15220194542817
57.02,-47.155570268304835
57.04,-47.158831916279354
57.06,-47.16198701834359
57.08,-47.165140805234635
57.1,-47.16818821059541
57.12,-47.17112935737903
57.14,-47.17406934463483
57.16,-47.176903230013544
57.18,-47.17963112997926
57.2,-47.18235801899175
57.22,-47.18497907094239
57.24,-47.18749439538468
57.26,-47.19000884960324
57.28,-47.192417715690944
57.3,-47.19482577747871
57.32,-47.19702373804551
57.34,-47.19922102413661
57.36,-47.2014176338546
57.38,-47.20350901254524
57.4,-47.205495250966564
57.42,-47.207376435717975
57.44,-47.20925711835804
57.46,-47.211137297689
57.48,-47.212808144705626
57.5,-47.214582981946485
57.52,-47.21614863950155
57.54,-47.21771394448351
57.56,-47.21927889619787
57.58,-47.220739198459164
57.6,-47.222094916831544
57.62,-47.22345036839909
57.64,-47.22470131726093
57.66,-47.22595203804424
57.68,-47.22720253039276
57.7,-47.228244432593975
57.72,-47.22939034125955
57.74,-47.23043190913554
57.76,-47.231369183838204
57.78,-47.2323063291773
57.8,-47.233243345002315
57.82,-47.23407613910831
57.84,-47.234908830657496
57.86,-47.235741419544105
57.88,-47.23646985052134
57.9,-47.23719820274565
57.92,-47.237822441917594
57.94,-47.23844662313353
57.96,-47.23907074634879
57.98,-47.23959080468988
58.0,-47.240110822695875
58.02,-47.24063080034091
58.04,-47.24104675337968
58.06,-47.241566658309836
58.08,-47.24198255314319
58.1,-47.24229445727823
58.12,-47.24271030679436
58.14,-47.243022176926274
58.16,-47.243334032476106
58.18,-47.243645873438275
58.2,-47.243853759306035
58.22,-47.24406163868625
58.24,-47.244373445588785
58.26,-47.244477377977404
58.28,-47.24468523788504
58.3,-47.24489309129849
58.32,-47.244997015569396
58.34,-47.24510093821613
58.36,-47.24530877863628
58.38,-47.245412696409275
58.4,-47.245412696409275
58.42,-47.24551661255729
58.44,-47.2456205270801
58.46,-47.2456205270801
58.48,-47.2456205270801
58.5,-47.2457244399775
58.52,-47.2457244399775
58.54,-47.2457244399775
58.56,-47.2457244399775
58.58,-47.2457244399775
58.6,-47.2456205270801
58.62,-47.2456205270801
58.64,-47.2456205270801
58.66,-47.24551661255729
58.68,-47.24551661255729
58.7,-47.245412696409275
58.72,-47.245412696409275
58.74,-47.24530877863628
58.76,-47.24530877863628
58.78,-47.24520485923849
58.8,-47.24510093821613
58.82,-47.244997015569396
58.84,-47.244997015569396
58.86,-47.24489309129849
58.88,-47.24478916540364
58.9,-47.24468523788504
58.92,-47.24458130874289
58.94,-47.244477377977404
58.96,-47.244373445588785
58.98,-47.24426951157725
59.0,-47.24416557594301
59.02,-47.24406163868625
59.04,-47.24395769980719
59.06,-47.243853759306035
59.08,-47.243853759306035
59.1,-47.243749817182994
59.12,-47.243645873438275
59.14,-47.243541928072084
59.16,-47.243437981084625
59.18,-47.243334032476106
59.2,-47.24323008224674
59.22,-47.243126130396725
59.24,-47.243022176926274
59.26,-47.242918221835595
59.28,-47.242814265124885
59.3,-47.24271030679436
59.32,-47.24260634684423
59.34,-47.24250238527469
59.36,-47.242398422085955
59.38,-47.242398422085955
59.4,-47.24229445727823
59.42,-47.242190490851726
59.44,-47.242086522806645
59.46,-47.24198255314319
59.48,-47.24187858186158
59.5,-47.24187858186158
59.52,-47.24177460896201
59.54,-47.241670634444695
59.56,-47.241566658309836
59.58,-47.241566658309836
59.6,-47.241462680557646
59.62,-47.241358701188325
59.64,-47.241358701188325
59.66,-47.241254720202086
59.68,-47.241150737599135
59.7,-47.241150737599135
59.72,-47.24104675337968
59.74,-47.24104675337968
59.76,-47.24094276754392
59.78,-47.24083878009207
59.8,-47.24083878009207
59.82,-47.24073479102433
59.84,-47.24073479102433
59.86,-47.24063080034091
59.88,-47.24063080034091
59.9,-47.24063080034091
59.92,-47.24052680804202
59.94,-47.24052680804202
59.96,-47.24042281412787
59.98,-47.24042281412787
60.0,-32.4252680399396
60.02,-32.423874341348096
60.04,-32.42001897584792
60.06,-32.41413913476101
60.08,-32.40661723503935
60.1,-32.397816877469296
60.12,-32.38801430115711
60.14,-32.37746119606322
60.16,-32.36642230126307
60.18,-32.35507247996508
60.2,-32.3435789922887
60.22,-32.33206296688462
60.24,-32.320673682267824
60.26,-32.309496283650745
60.28,-32.29860876664639
60.3,-32.28808112551593
60.32,-32.277959749751226
60.34,-32.2682986903388
60.36,-32.25911536738263
60.38,-32.250435671793944
60.4,-32.24226621172213
60.42,-32.23462058433852
60.44,-32.22748388663561
60.46,-32.22085986939049
60.48,-32.21471744354278
60.5,-32.20906213641255
60.52,-32.20386657133548
60.54,-32.19909517887149
60.56,-32.19473554776889
60.58,-32.190757638755905
60.6,-32.1871316093151
60.62,-32.18382800030545
60.64,-32.18082854479911
60.66,-32.17809298373644
60.68,-32.175598869385986
60.7,-32.17332361535913
60.72,-32.17123682044466
60.74,-32.16931450483308
60.76,-32.16753792631714
60.78,-32.16588230181101
60.8,-32.164328597309684
60.82,-32.16286281373295
60.84,-32.161465880771395
60.86,-32.160123964482516
60.88,-32.158828181737775
60.9,-32.15756152433891
60.92,-32.15631835779394
60.94,-32.15509133255851
60.96,-32.15387458181104
60.98,-32.152663646764424
61.0,-32.151447846075236
61.02,-32.150232246398595
61.04,-32.14901193983502
61.06,-32.14778665063734
61.08,-32.146552574603
61.1,-32.14531522859243
61.12,-32.14407196982184
61.14,-32.1428250388341
61.16,-32.14157723578035
61.18,-32.14033185251141
61.2,-32.13908694043265
61.22,-32.13784593225256
61.24,-32.136612557768615
61.26,-32.13539079291332
61.28,-32.13418481010154
61.3,-32.1329921996191
61.32,-32.13182370465327
61.34,-32.13066954399257
61.36,-32.12954038772822
61.38,-32.12843266182797
61.4,-32.12735746627454
61.42,-32.12630291677174
61.44,-32.125287969106076
61.46,-32.124299926900186
61.48,-32.12334991757729
61.5,-32.12243250439291
61.52,-32.121550267899295
61.54,-32.120705712678806
61.56,-32.11990125571507
61.58,-32.119130077823044
61.6,-32.11839401881589
61.62,-32.11770422548763
61.64,-32.11704373368943
61.66,-32.11642340565191
61.68,-32.1158447496337
61.7,-32.11529939393606
61.72,-32.11478839782152
61.74,-32.11431275651763
61.76,-32.11387339861968
61.78,-32.113471183698096
61.8,-32.11309675005252
61.82,-32.112760853357734
61.84,-32.112453897050344
61.86,-32.11217633229928
61.88,-32.111928567528
61.9,-32.11171096766399
61.92,-32.111523853472605
61.94,-32.111357063751136
61.96,-32.11122122355593
61.98,-32.11110605492374
62.0,-32.11101167111629
62.02,-32.11094867103493
62.04,-32.110896123542226
62.06,-32.11086457434064
62.08,-32.11085405448789
62.1,-32.11086457434064
62.12,-32.1108856088676
62.14,-32.11091714771477
62.16,-32.11096967795831
62.18,-32.11104314788852
62.2,-32.11111653340301
62.22,-32.111210762280834
62.24,-32.11131529768824
62.26,-32.11141966135061
62.28,-32.11154467133017
62.3,-32.111669434645385
62.32,-32.11180431696012
62.34,-32.11194925207127
62.36,-32.112104168876996
62.38,-32.112258702759156
62.4,-32.11241285440982
62.42,-32.11257686231318
62.44,-32.112750645998474
62.46,-32.11292394157528
62.48,-32.11309675005252
62.5,-32.11326907243949
62.52,-32.113451002737996
62.54,-32.11363239040815
62.56,-32.113813236649406
62.58,-32.113993542661724
62.6,-32.11417330964549
62.62,-32.114362480231385
62.64,-32.114541142983704
62.66,-32.11471927037816
62.68,-32.1149067142702
62.7,-32.115083744982776
62.72,-32.115260244012305
62.74,-32.11543621256233
62.76,-32.11561165183682
62.78,-32.115786563040174
62.8,-32.115951273160086
62.82,-32.116125161007766
62.84,-32.11628890677726
62.86,-32.11645218570162
62.88,-32.11661499879714
62.9,-32.11676781002997
62.92,-32.11692972177184
62.94,-32.117081686475316
62.96,-32.11722378178686
62.98,-32.117374954552915
63.0,-32.117516308916436
63.02,-32.11765730582925
63.04,-32.11779794599107
63.06,-32.11792888889088
63.08,-32.1180595221998
63.1,-32.11818984648716
63.12,-32.11831058569417
63.14,-32.11843105939594
63.16,-32.1185512680486
63.18,-32.118661995025676
63.2,-32.11877249690972
63.22,-32.118882774059706
63.24,-32.11899282683466
63.26,-32.1190935117445
63.28,-32.119194008695395
63.3,-32.119285206687785
63.32,-32.11938534557632
63.34,-32.11947621851598
63.36,-32.11955787208846
63.38,-32.119648451723116
63.4,-32.11972984165902
63.42,-32.1198111069504
63.44,-32.11988323824774
63.46,-32.119955271286926
63.48,-32.12002720617453
63.5,-32.120099043017134
63.52,-32.12016181991067
63.54,-32.120224521891544
63.56,-32.12028714903116
63.58,-32.12034970140096
63.6,-32.12040325826142
63.62,-32.12045676028642
63.64,-32.12051020752098
63.66,-32.12056360001008
63.68,-32.12060805196401
63.7,-32.12065246595757
63.72,-32.12069684201679
63.74,-32.12074118016773
63.76,-32.12077662341201
63.78,-32.12081204242501
63.8,-32.12085628213632
63.82,-32.12088280781049
63.84,-32.12091815420965
63.86,-32.12095347643087
63.88,-32.12097995223805
63.9,-32.12100641445828
63.92,-32.12103286309718
63.94,-32.12105929816039
63.96,-32.121085719653536
63.98,-32.12110332644615
64.0,-32.12112972533503
64.02,-32.121147317063354
64.04,-32.121164902768875
64.06,-32.12118248245327
64.08,-32.1212000561182
64.1,-32.12121762376534
64.12,-32.121226405332756
64.14,-32.121243963956324
64.16,-32.1212527410129
64.18,-32.121270290616664
64.2,-32.12127906316427
64.22,-32.12128783420931
64.24,-32.121296603751986
64.26,-32.1213053717925
64.28,-32.12131413833108
64.3,-32.12131413833108
64.32,-32.12132290336791
64.34,-32.121331666903224
64.36,-32.121331666903224
64.38,-32.12134042893721
64.4,-32.12134042893721
64.42,-32.12134042893721
64.44,-32.12134918947009
64.46,-32.12134918947009
64.48,-32.12134918947009
64.5,-32.12134918947009
64.52,-32.12134918947009
64.54,-32.12134918947009
64.56,-32.12134918947009
64.58,-32.12134918947009
64.6,-32.12134918947009
64.62,-32.12134918947009
64.64,-32.12134918947009
64.66,-32.12134042893721
64.68,-32.12134042893721
64.7,-32.12134042893721
64.72,-32.12134042893721
64.74,-32.121331666903224
64.76,-32.121331666903224
64.78,-32.121331666903224
64.8,-32.12132290336791
64.82,-32.12132290336791
64.84,-32.12132290336791
64.86,-32.12131413833108
64.88,-32.12131413833108
64.9,-32.1213053717925
64.92,-32.1213053717925
64.94,-32.1213053717925
64.96,-32.121296603751986
64.98,-32.121296603751986
65.0,-32.12128783420931
65.02,-32.12128783420931
65.04,-32.12127906316427
65.06,-32.12127906316427
65.08,-32.121270290616664
65.1,-32.121270290616664
65.12,-32.121270290616664
65.14,-32.12126151656628
65.16,-32.12126151656628
65.18,-32.1212527410129
65.2,-32.1212527410129
65.22,-32.121243963956324
65.24,-32.121243963956324
65.26,-32.12123518539635
65.28,-32.12123518539635
65.3,-32.12123518539635
65.32,-32.121226405332756
65.34,-32.121226405332756
65.36,-32.12121762376534
65.38,-32.12121762376534
65.4,-32.12120884069389
65.42,-32.12120884069389
65.44,-32.12120884069389
65.46,-32.1212000561182
65.48,-32.1212000561182
65.5,-32.1212000561182
65.52,-32.12119127003807
65.54,-32.12119127003807
65.56,-32.12118248245327
65.58,-32.12118248245327
65.6,-32.12118248245327
65.62,-32.12118248245327
65.64,-32.12117369336361
65.66,-32.12117369336361
65.68,-32.12117369336361
65.7,-32.121164902768875
65.72,-32.121164902768875
65.74,-32.121164902768875
65.76,-32.12115611066886
65.78,-32.12115611066886
65.8,-32.12115611066886
65.82,-32.12115611066886
65.84,-32.12115611066886
65.86,-32.121147317063354
65.88,-32.121147317063354
65.9,-32.121147317063354
65.92,-32.121147317063354
65.94,-32.12113852195215
65.96,-32.12113852195215
65.98,-32.12113852195215
66.0,-7.089324090630184
66.02,-7.0634627428184835
66.04,-6.992282841261578
66.06,-6.8833537970906695
66.08,-6.743439528314131
66.1,-6.578645174710615
66.12,-6.393916997836379
66.14,-6.193697735375534
66.16,-5.981471214080582
66.18,-5.760855860214782
66.2,-5.534295553787211
66.22,-5.304158430471439
66.24,-5.072723518990988
66.26,-4.841367670564569
66.28,-4.6116156565142115
66.3,-4.384731911136311
66.32,-4.161925351819703
66.34,-3.943978923492399
66.36,-3.7316501808472466
66.38,-3.5256705806917537
66.4,-3.3267438703295094
66.42,-3.1353790453356734
66.44,-2.951913313613645
66.46,-2.7768434083244085
66.48,-2.6104995356134904
66.5,-2.453492557280474
66.52,-2.305839134757172
66.54,-2.167977473809337
66.56,-2.040178253750109
66.58,-1.9224604276675272
66.6,-1.815282771847164
66.62,-1.7186133218045996
66.64,-1.6325188667490609
66.66,-1.557189940481205
66.68,-1.4925068650418185
66.7,-1.4384015293263377
66.72,-1.3948018962906987
66.74,-1.3615051298690017
66.76,-1.338227147093546
66.78,-1.3247012887071647
66.8,-1.3205098008042275
66.82,-1.325229700344393
66.84,-1.3383569323335542
66.86,-1.3593676891098818
66.88,-1.3876420626916914
66.9,-1.4225869207943862
66.92,-1.4635501648808908
66.94,-1.5099304198060313
66.96,-1.560972312337166
66.98,-1.615968683751429
67.0,-1.6744245292469255
67.02,-1.7354649850157022
67.04,-1.7987732593084136
67.06,-1.8635006503363172
67.08,-1.9293089050758019
67.1,-1.9955195653086935
67.12,-2.061757677878998
67.14,-2.1275563757976443
67.16,-2.1926420271657587
67.18,-2.2566380655527607
67.2,-2.3193346711734457
67.22,-2.380357042391063
67.24,-2.439576442210767
67.26,-2.4968555114882585
67.28,-2.55204196607394
67.3,-2.605047845424057
67.32,-2.6558305768179866
67.34,-2.704339377931539
67.36,-2.750562437818573
67.38,-2.794507255781959
67.4,-2.8361978553930856
67.42,-2.8756388932492545
67.44,-2.9129135588084947
67.46,-2.9480479638806045
67.48,-2.981109334475203
67.5,-3.0121708551264166
67.52,-3.041310179794227
67.54,-3.068576014732772
67.56,-3.094067930849102
67.58,-3.1178387090680872
67.6,-3.139989639319266
67.62,-3.1605588655225034
67.64,-3.1796626864929576
67.66,-3.197338364661304
67.68,-3.2136688967676807
67.7,-3.2287203855071773
67.72,-3.2425574824079675
67.74,-3.2552432667657323
67.76,-3.266839174777925
67.78,-3.2774049711631386
67.8,-3.286969123783296
67.82,-3.2956179940484183
67.84,-3.30337706648113
67.86,-3.3103000431323224
67.88,-3.3164391666693387
67.9,-3.3218307758177614
67.92,-3.32652463248245
67.94,-3.330540385874029
67.96,-3.3339257844725165
67.98,-3.3367131854728345
68.0,-3.3389341842247355
68.02,-3.340634093019569
68.04,-3.3418144145545208
68.06,-3.342533731320362
68.08,-3.3428069938424563
68.1,-3.342648794452158
68.12,-3.3420877898884536
68.14,-3.3411667758201316
68.16,-3.3398851836739203
68.18,-3.338285480404249
68.2,-3.3363668040592795
68.22,-3.3341570306170776
68.24,-3.3316840353219748
68.26,-3.328961244447005
68.28,-3.3260020753213486
68.3,-3.3228199566781567
68.32,-3.319442917101375
68.34,-3.315884547221209
68.36,-3.3121438815173376
68.38,-3.308249230597517
68.4,-3.304214430725936
68.42,-3.3000534231569114
68.44,-3.295765511384995
68.46,-3.2913795562546744
68.48,-3.2868950406832176
68.5,-3.2823411452322198
68.52,-3.277702665793824
68.54,-3.273009016819246
68.56,-3.268259981405953
68.58,-3.2634703294722662
68.6,-3.2586399497107363
68.62,-3.253798835646329
68.64,-3.248931995547115
68.66,-3.2440545407339534
68.68,-3.239181714173618
68.7,-3.2343137060468727
68.72,-3.229465917368037
68.74,-3.224623384477174
68.76,-3.2198168395543827
68.78,-3.215031341292595
68.8,-3.210282490339543
68.82,-3.2055706364934227
68.84,-3.2009115131524646
68.86,-3.1962901205485084
68.88,-3.1917376767375187
68.9,-3.187223716853039
68.92,-3.182779546750996
68.94,-3.1784056216482033
68.96,-3.1740868357815253
68.98,-3.169839117237367
69.0,-3.165678477805327
69.02,-3.1615741555255723
69.04,-3.157542113653664
69.06,-3.1535983922526283
69.08,-3.149727740110992
69.1,-3.145930511437485
69.12,-3.1422227695087734
69.14,-3.1386049024374287
69.16,-3.135061526409301
69.18,-3.131592948085714
69.2,-3.128215255901993
69.22,-3.124928785508262
69.24,-3.1217180348726594
69.26,-3.1185991072695267
69.28,-3.1155564466676107
69.3,-3.1126061653416257
69.32,-3.1097326564654155
69.34,-3.106936144305997
69.36,-3.1042327533190037
69.38,-3.1016068068865876
69.4,-3.0990744357153064
69.42,-3.0966039756451713
69.44,-3.094227484937746
69.46,-3.0919292041828204
69.48,-3.0896933237669546
69.5,-3.0875519439913526
69.52,-3.0854732564614182
69.54,-3.0834733827215777
69.56,-3.081536449969609
69.58,-3.079678586379445
69.6,-3.0778999190610143
69.62,-3.0761845333669107
69.64,-3.074532522457132
69.66,-3.0729439753582506
69.68,-3.071435032880556
69.7,-3.06997367054764
69.72,-3.0685920826732667
69.74,-3.067258212223929
69.76,-3.0659721116948386
69.78,-3.0647659995708585
69.8,-3.0636077754477986
69.82,-3.0624974840375394
69.84,-3.0614351679682903
69.86,-3.060436969879929
69.88,-3.0594868341569805
69.9,-3.0585847967123954
69.92,-3.057730891486706
69.94,-3.056925150470882
69.96,-3.0561514841332755
69.98,-3.05542603437938
70.0,-3.054748828083791
70.02,-3.054103762327213
70.04,-3.0535069834041475
70.06,-3.052942380596821
70.08,-3.052409967725288
70.1,-3.051925894564879
70.12,-3.0514579016179244
70.14,-3.051038275361932
70.16,-3.050634747282881
70.18,-3.050263465735422
70.2,-3.04992443968055
70.22,-3.0496176772859953
70.24,-3.049343185930056
70.26,-3.049068675946541
70.28,-3.0488425949250577
70.3,-3.0486326512524364
70.32,-3.0484388474447264
70.34,-3.04827733720007
70.36,-3.0481158205299637
70.38,-3.047986602569599
70.4,-3.047889686402852
70.42,-3.047792767925572
70.44,-3.0477120007633216
70.46,-3.04764738587884
70.48,-3.0475989240420414
70.5,-3.0475666158302035
70.52,-3.047550461628103
70.54,-3.047550461628103
70.56,-3.047550461628103
70.58,-3.0475666158302035
70.6,-3.0475989240420414
70.62,-3.047631231997372
70.64,-3.0476796934493646
70.66,-3.0477281543240804
70.68,-3.047792767925572
70.7,-3.047873533483741
70.72,-3.0479381447750833
70.74,-3.0480189074449497
70.76,-3.0481158205299637
70.78,-3.048212731302911
70.8,-3.0483096397631346
70.82,-3.048406545909977
70.84,-3.04851960015656
70.86,-3.0486326512524364
70.88,-3.0487456991965622
70.9,-3.048858743987895
70.92,-3.0489879341732293
70.94,-3.049117120237709
70.96,-3.0492301546625153
70.98,-3.0493593329961937
71.0,-3.0494885072045395
71.02,-3.0496176772859953
71.04,-3.049746843239004
71.06,-3.0498760050620075
71.08,-3.05000516275345
71.1,-3.050134316311774
71.12,-3.050263465735422
71.14,-3.0504087538928575
71.16,-3.0505378945251502
71.18,-3.0506670310179014
71.2,-3.050796163369555
71.22,-3.050925291578553
71.24,-3.051038275361932
71.26,-3.0511673957992578
71.28,-3.0512965120894533
71.3,-3.051409485440208
71.32,-3.051538593950339
71.34,-3.0516515604911443
71.36,-3.0517806612157394
71.38,-3.0518936209418066
71.4,-3.052006577486024
71.42,-3.05211953084735
71.44,-3.0522324810247414
71.46,-3.0523292929275634
71.48,-3.052442237189169
71.5,-3.0525390440197753
71.52,-3.0526519823619984
71.54,-3.052748784117309
71.56,-3.0528455835291353
71.58,-3.052942380596821
71.6,-3.0530391753197104
71.62,-3.0531198357971467
71.64,-3.053216626219538
71.66,-3.053297283112306
71.68,-3.0533779383750734
71.7,-3.053474722538256
71.72,-3.053539244009081
71.74,-3.0536198943795623
71.76,-3.0537005431185222
71.78,-3.05376506093474
71.8,-3.053845706736005
71.82,-3.053910222201574
71.84,-3.0539747366220946
71.86,-3.054039249997372
71.88,-3.054103762327213
71.9,-3.0541682736114217
71.92,-3.0542166563882653
71.94,-3.05428116584215
71.96,-3.0543295472460277
71.98,-3.0543940548689945
72.0,-30.854797390217094
72.02,-30.877101774926988
72.04,-30.938879668121146
72.06,-31.033500206639452
72.08,-31.155218853995112
72.1,-31.299065212687935
72.12,-31.460797782915158
72.14,-31.636663763175985
72.16,-31.823587560964064
72.18,-32.01878871311178
72.2,-32.21991488083393
72.22,-32.424813540814206
72.24,-32.631849234250105
72.26,-32.839267403082474
72.28,-33.04582422389834
72.3,-33.25046263104107
72.32,-33.45201621316493
72.34,-33.649661301105546
72.36,-33.8427559160854
72.38,-34.03042174889709
72.4,-34.212380970916215
72.42,-34.38798824779496
72.44,-34.55704143572814
72.46,-34.71924329626254
72.48,-34.8743404423806
72.5,-35.0221255393808
72.52,-35.16254859446332
72.54,-35.29569746476187
72.56,-35.42147285195833
72.58,-35.54001846001806
72.6,-35.65139952393835
72.62,-35.75571164167376
72.64,-35.85307962346904
72.66,-35.943817344740445
72.68,-36.02815547833853
72.7,-36.10618826337009
72.72,-36.17818609989537
72.74,-36.2445536765566
72.76,-36.305364684411096
72.78,-36.36108303654476
72.8,-36.41180866181045
72.82,-36.45798343354096
72.84,-36.49977325638803
72.86,-36.537454672305465
72.88,-36.571379204033775
72.9,-36.601757640710794
72.92,-36.62887477443443
72.94,-36.6529352054462
72.96,-36.674203651155246
72.98,-36.69290032087113
73.0,-36.709283088771414
73.02,-36.7234993536468
73.04,-36.73576191531341
73.06,-36.74626548027175
73.08,-36.75517337817638
73.1,-36.762652780789566
73.12,-36.7688340358131
73.14,-36.77387285484617
73.16,-36.77788199504376
73.18,-36.78099019500284
73.2,-36.783294355888856
73.22,-36.78489624680643
73.24,-36.785884207044724
73.26,-36.7863416358646
73.28,-36.78633955600992
73.3,-36.785944564218
73.32,-36.78521651809704
73.34,-36.78421143908664
73.36,-36.78297689385501
73.38,-36.78155334291162
73.4,-36.7799806362172
73.42,-36.77828917824578
73.44,-36.77651814349675
73.46,-36.77469128299227
73.48,-36.772819391310264
73.5,-36.77094185354098
73.52,-36.769063452463996
73.54,-36.76720273557739
73.56,-36.765376770008594
73.58,-36.76359082364578
73.6,-36.761858185388945
73.62,-36.76019103947331
73.64,-36.75858916979872
73.66,-36.75705028160222
73.68,-36.75559400752915
73.7,-36.754203951543005
73.72,-36.7529105277404
73.74,-36.75168270451848
73.76,-36.75055004461674
73.78,-36.74949170517996
73.8,-36.748524094037066
73.82,-36.74762450098635
73.84,-36.74682176240293
73.86,-36.74607870632612
73.88,-36.74542375542989
73.9,-36.74484534723731
73.92,-36.744331363716405
73.94,-36.743896482032056
73.96,-36.743514425401614
73.98,-36.743213235591114
74.0,-36.74296615287782
74.02,-36.74277357079892
74.04,-36.74263579463304
74.06,-36.742553042004616
74.08,-36.74252544331563
74.1,-36.742553042004616
74.12,-36.74260821766476
74.14,-36.74270470536195
74.16,-36.74285614950623
74.18,-36.743034846000285
74.2,-36.743240652878434
74.22,-36.74348708092679
74.24,-36.743760197489905
74.26,-36.74405978225957
74.28,-36.74438559206581
74.3,-36.74473736063949
74.32,-36.74510134329903
74.34,-36.74547738738371
74.36,-36.74587868357354
74.38,-36.74629160351129
74.4,-36.746715969172406
74.42,-36.74715159588388
74.44,-36.747598292238145
74.46,-36.74805586000437
74.48,-36.748524094037066
74.5,-36.7489769734446
74.52,-36.749453205794154
74.54,-36.74992683316268
74.56,-36.75039784645134
74.58,-36.75086623656297
74.6,-36.751344545833966
74.62,-36.75182006877383
74.64,-36.75228039126256
74.66,-36.75275038596515
74.68,-36.7532175650564
74.7,-36.753669735143745
74.72,-36.75413132822919
74.74,-36.75457804065423
74.76,-36.75502204689248
74.78,-36.755451446865564
74.8,-36.75587826800856
74.82,-36.75630250196793
74.84,-36.75672414039281
74.86,-36.757131570321214
74.88,-36.757524995366076
74.9,-36.75791608354691
74.92,-36.758304827838174
74.94,-36.758679890326874
74.96,-36.759041466209204
74.98,-36.759400947735024
75.0,-36.75975832905531
75.02,-36.76009146143027
75.04,-36.760422737966614
75.06,-36.76075215385006
75.08,-36.76106881602638
75.1,-36.76137290069533
75.12,-36.76167535237566
75.14,-36.76196545200416
75.16,-36.762243365383135
75.18,-36.76250925278826
75.2,-36.76277382659514
75.22,-36.76303708402561
75.24,-36.763288570134
75.26,-36.76352843457768
75.28,-36.763756821259136
75.3,-36.763984180456205
75.32,-36.764200244917774
75.34,-36.76440514710112
75.36,-36.764609195652056
75.38,-36.764812389151864
75.4,-36.76499453106076
75.42,-36.7651759781958
75.44,-36.76535672952365
75.46,-36.76552679928306
75.48,-36.76568629636405
75.5,-36.76584524135943
75.52,-36.76599375024201
75.54,-36.76614177265872
75.56,-36.7662794874873
75.58,-36.76640698520914
75.6,-36.766534116285676
75.62,-36.76666088032853
75.64,-36.766777567185805
75.66,-36.76688425485456
75.68,-36.76699067896613
75.7,-36.767096839285436
75.72,-36.767193119558165
75.74,-36.76728918144991
75.76,-36.76737545029083
75.78,-36.76746154197148
75.8,-36.767537919078684
75.82,-36.767614156015405
75.84,-36.76769025269131
75.86,-36.76775672215402
75.88,-36.76782308409988
75.9,-36.76788933846842
75.92,-36.767946042258544
75.94,-36.76800266692974
75.96,-36.76804979369019
75.98,-36.76810627321111
76.0,-36.76815327895968
76.02,-36.76819084393033
76.04,-36.76823775058986
76.06,-36.768275236260735
76.08,-36.76830332737338
76.1,-36.76834075132718
76.12,-36.76836879613907
76.14,-36.76839682109985
76.16,-36.76842482620477
76.18,-36.768452811449066
76.2,-36.768471457242576
76.22,-36.76849940937527
76.24,-36.768518033089975
76.26,-36.76853664797069
76.28,-36.76854595209786
76.3,-36.76856455372495
76.32,-36.76857385122452
76.34,-36.76859243959482
76.36,-36.7686017304652
76.38,-36.768611019125494
76.4,-36.768611019125494
76.42,-36.76862030557554
76.44,-36.76862958981514
76.46,-36.76862958981514
76.48,-36.76862958981514
76.5,-36.76863887184414
76.52,-36.76863887184414
76.54,-36.76863887184414
76.56,-36.76863887184414
76.58,-36.76863887184414
76.6,-36.76862958981514
76.62,-36.76862958981514
76.64,-36.76862958981514
76.66,-36.76862030557554
76.68,-36.76862030557554
76.7,-36.768611019125494
76.72,-36.768611019125494
76.74,-36.7686017304652
76.76,-36.7686017304652
76.78,-36.76859243959482
76.8,-36.76858314651454
76.82,-36.76857385122452
76.84,-36.76857385122452
76.86,-36.76856455372495
76.88,-36.76855525401601
76.9,-36.76854595209786
76.92,-36.76853664797069
76.94,-36.768527341634666
76.96,-36.768527341634666
76.98,-36.768518033089975
77.0,-36.76850872233678
77.02,-36.76849940937527
77.04,-36.76849009420562
77.06,-36.76848077682799
77.08,-36.768471457242576
77.1,-36.76846213544954
77.12,-36.768452811449066
77.14,-36.768443485241335
77.16,-36.76843415682651
77.18,-36.76842482620477
77.2,-36.768415493376295
77.22,-36.768406158341264
77.24,-36.76839682109985
77.26,-36.76839682109985
77.28,-36.76838748165223
77.3,-36.768378139998575
77.32,-36.76836879613907
77.34,-36.76835945007389
77.36,-36.76835010180319
77.38,-36.76834075132718
77.4,-36.76833139864601
77.42,-36.76833139864601
77.44,-36.76832204375987
77.46,-36.76831268666894
77.48,-36.76830332737338
77.5,-36.76830332737338
77.52,-36.768293965873376
77.54,-36.7682846021691
77.56,-36.768275236260735
77.58,-36.768275236260735
77.6,-36.768265868148454
77.62,-36.76825649783243
77.64,-36.76825649783243
77.66,-36.76824712531284
77.68,-36.76823775058986
77.7,-36.76823775058986
77.72,-36.768228373663675
77.74,-36.768228373663675
77.76,-36.76821899453445
77.78,-36.76821899453445
77.8,-36.768209613202366
77.82,-36.768209613202366
77.84,-36.7682002296676
77.86,-36.7682002296676
77.88,-36.76819084393033
77.9,-36.76819084393033
77.92,-36.76818145599072
77.94,-36.76818145599072
77.96,-36.76818145599072
77.98,-36.768172065848965
78.0,9.199870306672137
78.02,9.300192885901733
78.04,9.578427815360294
78.06,10.001343308758319
78.08,10.539254646601918
78.1,11.163698940509938
78.12,11.847606245178914
78.14,12.563996888905994
78.16,13.288864741011551
78.18,14.002066787968253
78.2,14.686253897707362
78.22,15.330712471067358
78.24,15.928565494533112
78.26,16.47801878851796
78.28,16.979686066472063
78.3,17.43722169221067
78.32,17.8553881925548
78.34,18.239236961988155
78.36,18.593829610068962
78.38,18.92403495000737
78.4,19.23389841131716
78.42,19.526950023140806
78.44,19.805996174346646
78.46,20.072783029525365
78.48,20.328766940782135
78.5,20.574514307167462
78.52,20.810082750373144
78.54,21.035375312629508
78.56,21.249956476206357
78.58,21.453287816470358
78.6,21.645000699038633
78.62,21.824631265290694
78.64,21.991876774882247
78.66,22.146580292137948
78.68,22.288694472140033
78.7,22.418291066119043
78.72,22.535557253643244
78.74,22.64077454630214
78.76,22.734307825712424
78.78,22.816589424293404
78.8,22.888106369299575
78.82,22.949392445066177
78.84,23.000987077775246
78.86,23.043496095780995
78.88,23.077512806663403
78.9,23.10364558977251
78.92,23.12253573854525
78.94,23.134764288988283
78.96,23.14096229356862
78.98,23.141711061250774
79.0,23.137590337964944
79.02,23.12915266171401
79.04,23.116934252261764
79.06,23.101454105447488
79.08,23.083171898984613
79.1,23.062522691665837
79.12,23.039957590466972
79.14,23.015830986176024
79.16,22.99051191805532
79.18,22.964311998255074
79.2,22.937509057540975
79.22,22.910348687443587
79.24,22.883045990963105
79.26,22.855865382636562
79.28,22.828894118978887
79.3,22.80234960390916
79.32,22.776350234046042
79.34,22.75090590441776
79.36,22.726221270815216
79.38,22.702313621168
79.4,22.679272538191345
79.42,22.657083901775213
79.44,22.63576567469548
79.46,22.615419000049894
79.48,22.596044155547965
79.5,22.57753798233892
79.52,22.560026706715608
79.54,22.54344163257307
79.56,22.527756060935214
79.58,22.513035288384856
79.6,22.499148730361533
79.62,22.48610698489119
79.64,22.47396686782801
79.66,22.46258973949797
79.68,22.45202879871211
79.7,22.44219067987113
79.72,22.433126329261075
79.74,22.42478894460353
79.76,22.41708260819681
79.78,22.410056336589008
79.8,22.403661849238684
79.82,22.39785064043176
79.84,22.392574072581915
79.86,22.38788020621236
79.88,22.38372021415964
79.9,22.38004529364112
79.92,22.37685502124891
79.94,22.37410066364831
79.96,22.371781866566984
79.98,22.36985001634069
80.0,22.368353142386475
80.02,22.36714618796287
80.04,22.366325563840828
80.06,22.365842883935454
80.08,22.365649820366368
80.1,22.36579461759237
80.12,22.366132488290255
80.14,22.366808273549317
80.16,22.367677225441497
80.18,22.368787690370116
80.2,22.37009147319969
80.22,22.371588661611185
80.24,22.373279352396104
80.26,22.37516364984665
80.28,22.377193332724794
80.3,22.379368480922096
80.32,22.3816408204324
80.34,22.384058759117917
80.36,22.38662237061866
80.38,22.389234950698842
80.4,22.391993291983837
80.42,22.39480063574274
80.44,22.397656970264652
80.46,22.40061070619967
80.48,22.403661849238684
80.5,22.406713510656587
80.52,22.409814085682896
80.54,22.41291508193571
80.56,22.416064903342004
80.58,22.419263505614087
80.6,22.422462369658035
80.62,22.425661432333843
80.64,22.428860630443385
80.66,22.432108374752673
80.68,22.435307653559505
80.7,22.438506876915454
80.72,22.44165751132792
80.74,22.444807969832205
80.76,22.447958191764723
80.78,22.451059658596282
80.8,22.45416077924188
80.82,22.457213050389484
80.84,22.46021643661119
80.86,22.46317090730365
80.88,22.466124857434636
80.9,22.469029825475246
80.92,22.47188579228743
80.94,22.474692742928234
80.96,22.477450666457607
80.98,22.480159555749047
81.0,22.48281940730313
81.02,22.485381878967758
81.04,22.487943671278405
81.06,22.490456435654217
81.08,22.492920181263226
81.1,22.495286632193658
81.12,22.497652392921324
81.14,22.49992091919159
81.16,22.502140518499864
81.18,22.50431121248215
81.2,22.50643302458168
81.22,22.50850597989929
81.24,22.510481918861398
81.26,22.51245725667358
81.28,22.514335664648403
81.3,22.516213501584375
81.32,22.517994499319283
81.34,22.51972684650601
81.36,22.52141057554696
81.38,22.52299763368157
81.4,22.524584239295162
81.42,22.52612232622251
81.44,22.527611928092636
81.46,22.529005046621204
81.48,22.53039779226341
81.5,22.531694146512034
81.52,22.532990168440037
81.54,22.534237871377336
81.56,22.535389316657216
81.58,22.53654048948486
81.6,22.53764343826892
81.62,22.538698193475376
81.64,22.539704784796857
81.66,22.540663241079113
81.68,22.54162149836117
81.7,22.542483758297877
81.72,22.54334585430358
81.74,22.544159904393762
81.76,22.544925933573992
81.78,22.545691830322465
81.8,22.546409737438577
81.82,22.54707967768061
81.84,22.54770167251554
81.86,22.548323577743524
81.88,22.54889756415228
81.9,22.549471473408566
81.92,22.549997488788858
81.94,22.550475627802623
81.96,22.550953712504143
81.98,22.551383942114683
82.0,22.551766331220477
82.02,22.55219647695051
82.04,22.552531003885548
82.06,22.552865503738925
82.08,22.553199976434357
82.1,22.553486645642824
82.12,22.553773294794432
82.14,22.554059923841148
82.16,22.55429876598752
82.18,22.55448982960948
82.2,22.554728646494652
82.22,22.554919689871628
82.24,22.55506296648517
82.26,22.555253994066238
82.28,22.555397258816512
82.3,22.55549276582025
82.32,22.55563602207675
82.34,22.555731523412412
82.36,22.555827022477732
82.38,22.55587477115846
82.4,22.555970266814928
82.42,22.55601801379023
82.44,22.55606576019661
82.46,22.55611350603385
82.48,22.55611350603385
82.5,22.556161251301724
82.52,22.556161251301724
82.54,22.556161251301724
82.56,22.556161251301724
82.58,22.556161251301724
82.6,22.55611350603385
82.62,22.55611350603385
82.64,22.55606576019661
82.66,22.55606576019661
82.68,22.55601801379023
82.7,22.555970266814928
82.72,22.555922519270933
82.74,22.55587477115846
82.76,22.555827022477732
82.78,22.55577927322898
82.8,22.555683773028264
82.82,22.55563602207675
82.84,22.555588270558097
82.86,22.55549276582025
82.88,22.55544501260151
82.9,22.55534950446549
82.92,22.555301749548654
82.94,22.55520623801846
82.96,22.55515848140554
82.98,22.55506296648517
83.0,22.55496744930691
83.02,22.554919689871628
83.04,22.55482416930986
83.06,22.554728646494652
83.08,22.55468088424256
83.1,22.55458535805052
83.12,22.55448982960948
83.14,22.55444206454614
83.16,22.55434653273494
83.18,22.55429876598752
83.2,22.554203230810163
83.22,22.554107693390918
83.24,22.554059923841148
83.26,22.553964383062418
83.28,22.553868840046253
83.3,22.553821067699687
83.32,22.553725521330705
83.34,22.553677747308733
83.36,22.553582197590938
83.38,22.55353442189556
83.4,22.553438868832952
83.42,22.55339109146617
83.44,22.553343313542694
83.46,22.55324775602657
83.48,22.553199976434357
83.5,22.553152196286348
83.52,22.553056634323813
83.54,22.553008852509738
83.56,22.55296107014075
83.58,22.55291328721707
83.6,22.55281771970654
83.62,22.552769935120132
83.64,22.55272214997992
83.66,22.552674364286137
83.68,22.552626578039
83.7,22.55257879123873
83.72,22.552531003885548
83.74,22.55248321597968
83.76,22.55243542752135
83.78,22.552387638510776
83.8,22.552339848948183
83.82,22.552292058833793
83.84,22.552244268167826
83.86,22.552244268167826
83.88,22.55219647695051
83.9,22.55214868518206
83.92,22.552100892862704
83.94,22.552053099992662
83.96,22.552053099992662
83.98,22.55200530657216
84.0,16.53637359258964
84.02,16.536858801093366
84.04,16.538231894020498
84.06,16.540352091933606
84.08,16.54310368114001
84.1,16.546439023556903
84.12,16.55028726259019
84.14,16.55455086298557
84.16,16.559198653799214
84.18,16.564197174672422
84.2,16.56951017231982
84.22,16.57507268184242
84.24,16.58089231633014
84.26,16.586923839177636
84.28,16.593118217773956
84.3,16.5994773900828
84.32,16.60597534666319
84.34,16.612584125472605
84.36,16.619302664668893
84.38,16.626100585311317
84.4,16.632945662873556
84.42,16.639864244663656
84.44,16.646792645709475
84.46,16.653725843509
84.48,16.66069035997997
84.5,16.667618919090383
84.52,16.674537852501906
84.54,16.681442577932494
84.56,16.68829565112863
84.58,16.69509164267479
84.6,16.701825300907696
84.62,16.70845754676401
84.64,16.71505116615522
84.66,16.721567759720738
84.68,16.727967838065023
84.7,16.734281369439227
84.72,16.74046866853335
84.74,16.74659642783787
84.76,16.752553532278583
84.78,16.758443573536297
84.8,16.7641907697001
84.82,16.76982778002757
84.84,16.77531446468921
84.86,16.78068427514428
84.88,16.785934307995603
84.9,16.791024273287096
84.92,16.79602639144827
84.94,16.800862945670985
84.96,16.80556908879469
84.98,16.8101425717203
85.0,16.814542921963326
85.02,16.818844650666215
85.04,16.823007652177274
85.06,16.827068856111456
85.08,16.830949188043814
85.1,16.834724626667175
85.12,16.83835489011436
85.14,16.841838529400754
85.16,16.845213475748608
85.18,16.848478732853316
85.2,16.851593878602618
85.22,16.854597324635073
85.24,16.857488236635977
85.26,16.860265826411954
85.28,16.862929350377016
85.3,16.86543825018932
85.32,16.8678715184588
85.34,16.870188747110987
85.36,16.87242939678058
85.38,16.874512899091137
85.4,16.876518876528912
85.42,16.878447001988334
85.44,16.88025672628456
85.46,16.88198790849531
85.48,16.883599956709443
85.5,16.885132861851762
85.52,16.886586390665265
85.54,16.888000751209603
85.56,16.889294916297047
85.58,16.890509089131193
85.6,16.89164309262156
85.62,16.892696762891482
85.64,16.893710510193596
85.66,16.894643677295775
85.68,16.895496132442382
85.7,16.89630837722708
85.72,16.89708035433938
85.74,16.897771354281655
85.76,16.89838128181068
85.78,16.898950734476184
85.8,16.89947967316188
85.82,16.899968061699713
85.84,16.900415866835722
85.86,16.900782334962436
85.88,16.9011488768467
85.9,16.901434015889397
85.92,16.901719199412426
85.94,16.90196367778895
85.96,16.902126681484948
85.98,16.902289699657075
86.0,16.902411972779316
86.02,16.902534254033238
86.04,16.902575016257426
86.06,16.90261577938443
86.08,16.902656543414064
86.1,16.902656543414064
86.12,16.90261577938443
86.14,16.902575016257426
86.16,16.90249349271204
86.18,16.902411972779316
86.2,16.902289699657075
86.22,16.902167434671284
86.24,16.902045177826725
86.26,16.90188218137303
86.28,16.901719199412426
86.3,16.901515492359817
86.32,16.901352543050024
86.34,16.9011488768467
86.36,16.900945233368333
86.38,16.900700891222304
86.4,16.900497297816514
86.42,16.900253015821644
86.44,16.900008766690483
86.46,16.899764550461118
86.48,16.899520367171633
86.5,16.899276216860095
86.52,16.89903209956456
86.54,16.898788015323078
86.56,16.89850329220207
86.58,16.89825927970815
86.6,16.89797464039673
86.62,16.897730699828806
86.64,16.89744614453507
86.66,16.89720227607144
86.68,16.89691780500334
86.7,16.89667400882219
86.72,16.89643024606225
86.74,16.89614589846693
86.76,16.895902208249673
86.78,16.89565855157366
86.8,16.89537432789459
86.82,16.89513074402121
86.84,16.89488719380899
86.86,16.894643677295775
86.88,16.894400194519395
86.9,16.894156745517673
86.92,16.89395389717693
86.94,16.893710510193596
86.96,16.893467157092005
86.98,16.89326438874982
87.0,16.893021097862864
87.02,16.892818381419083
87.04,16.89261568860044
87.06,16.892413019428762
87.08,16.89221037392588
87.1,16.892007752113624
87.12,16.891805154013802
87.14,16.89164309262156
87.16,16.89144053725909
87.18,16.891278510084987
87.2,16.891116498137084
87.22,16.89091400463104
87.24,16.890752026982867
87.26,16.89059006459715
87.28,16.89042811748503
87.3,16.890306667180944
87.32,16.890144746824447
87.34,16.890023316599876
87.36,16.889861423033125
87.38,16.889740012913656
87.4,16.889618611418495
87.42,16.889497218552332
87.44,16.88937583431987
87.46,16.8892544587258
87.48,16.889133091774823
87.5,16.889011733471627
87.52,16.88893083274281
87.54,16.888809488863018
87.56,16.888728597754145
87.58,16.888607268310793
87.6,16.888526386830556
87.62,16.888445509204207
87.64,16.88836463543313
87.66,16.888283765518725
87.68,16.888202899462375
87.7,16.888122037265465
87.72,16.888041178929395
87.74,16.888000751209603
87.76,16.887919898667384
87.78,16.887879473845302
87.8,16.887798627100064
87.82,16.887758205177253
87.84,16.88767736423212
87.86,16.88763694521014
87.88,16.887596527155452
87.9,16.88755611006823
87.92,16.887515693948647
87.94,16.887475278796874
87.96,16.887434864613084
87.98,16.88739445139746
88.0,16.88735403915016
88.02,16.887313627871368
88.04,16.88727321756126
88.06,16.88727321756126
88.08,16.88723280822
88.1,16.88723280822
88.12,16.887192399847766
88.14,16.887151992444732
88.16,16.887151992444732
88.18,16.88711158601107
88.2,16.88711158601107
88.22,16.88711158601107
88.24,16.887071180546954
88.26,16.887071180546954
88.28,16.887071180546954
88.3,16.88703077605256
88.32,16.88703077605256
88.34,16.88703077605256
88.36,16.88703077605256
88.38,16.88703077605256
88.4,16.886990372528054
88.42,16.886990372528054
88.44,16.886990372528054
88.46,16.886990372528054
88.48,16.886990372528054
88.5,16.886990372528054
88.52,16.886990372528054
88.54,16.886990372528054
88.56,16.886990372528054
88.58,16.886990372528054
88.6,16.886990372528054
88.62,16.886990372528054
88.64,16.886990372528054
88.66,16.886990372528054
88.68,16.886990372528054
88.7,16.886990372528054
88.72,16.88703077605256
88.74,16.88703077605256
88.76,16.88703077605256
88.78,16.88703077605256
88.8,16.88703077605256
88.82,16.88703077605256
88.84,16.88703077605256
88.86,16.88703077605256
88.88,16.887071180546954
88.9,16.887071180546954
88.92,16.887071180546954
88.94,16.887071180546954
88.96,16.887071180546954
88.98,16.887071180546954
89.0,16.887071180546954
89.02,16.88711158601107
89.04,16.88711158601107
89.06,16.88711158601107
89.08,16.88711158601107
89.1,16.88711158601107
89.12,16.88711158601107
89.14,16.887151992444732
89.16,16.887151992444732
89.18,16.887151992444732
89.2,16.887151992444732
89.22,16.887151992444732
89.24,16.887151992444732
89.26,16.887192399847766
89.28,16.887192399847766
89.3,16.887192399847766
89.32,16.887192399847766
89.34,16.887192399847766
89.36,16.887192399847766
89.38,16.887192399847766
89.4,16.88723280822
89.42,16.88723280822
89.44,16.88723280822
89.46,16.88723280822
89.48,16.88723280822
89.5,16.88723280822
89.52,16.88723280822
89.54,16.88727321756126
89.56,16.88727321756126
89.58,16.88727321756126
89.6,16.88727321756126
89.62,16.88727321756126
89.64,16.88727321756126
89.66,16.88727321756126
89.68,16.88727321756126
89.7,16.88727321756126
89.72,16.88727321756126
89.74,16.887313627871368
89.76,16.887313627871368
89.78,16.887313627871368
89.8,16.887313627871368
89.82,16.887313627871368
89.84,16.887313627871368
89.86,16.887313627871368
89.88,16.887313627871368
89.9,16.887313627871368
89.92,16.887313627871368
89.94,16.887313627871368
89.96,16.887313627871368
89.98,16.88735403915016
90.0,-3.535238180016045
90.02,-3.553928241240908
90.04,-3.605597596251612
90.06,-3.685335058081101
90.08,-3.788684931860871
90.1,-3.9120222034460044
90.12,-4.0523290934321246
90.14,-4.2071832884894915
90.16,-4.374122998448185
90.18,-4.551258732426912
90.2,-4.737275064577598
90.22,-4.930364132748954
90.24,-5.129490572736616
90.26,-5.333321793776474
90.28,-5.54064782890734
90.3,-5.750380889040128
90.32,-5.961556460636209
90.34,-6.17311540293462
90.36,-6.383906624080182
90.38,-6.592912818418777
90.4,-6.798824967633205
90.42,-7.0009198013878295
90.44,-7.197780029942322
90.46,-7.388390358333626
90.48,-7.57192064638739
90.5,-7.746949508782717
90.52,-7.9126968675433105
90.54,-8.06848352700099
90.56,-8.21325104864749
90.58,-8.346400462040624
90.6,-8.467368484527446
90.62,-8.575717535606673
90.64,-8.67119492389732
90.66,-8.75363428853299
90.68,-8.823056747984579
90.7,-8.879600600987525
90.72,-8.923565438550085
90.74,-8.955344209088281
90.76,-8.975460302526356
90.78,-8.984530574111952
90.8,-8.983248572185092
90.82,-8.972372186855035
90.84,-8.952705007490438
90.86,-8.925081502935988
90.88,-8.890346692015319
90.9,-8.849340972752382
90.92,-8.802898977956424
90.94,-8.751824790743214
90.96,-8.696900365998777
90.98,-8.638834495161193
91.0,-8.578322775369923
91.02,-8.515987731720667
91.04,-8.45241268749746
91.06,-8.388114013354734
91.08,-8.323570176146573
91.1,-8.2591764063153
91.12,-8.195309581223285
91.14,-8.132266072599013
91.16,-8.070349457175977
91.18,-8.009770584221657
91.2,-7.950701073987181
91.22,-7.8933328255897175
91.24,-7.8377908970641865
91.26,-7.7840023710710815
91.28,-7.732283094001732
91.3,-7.68274238883046
91.32,-7.635087094179997
91.34,-7.589387386377741
91.36,-7.54589317492586
91.38,-7.50426521578587
91.4,-7.464731405484622
91.42,-7.427318451271766
91.44,-7.391659990564823
91.46,-7.357962167966769
91.48,-7.326232980699663
91.5,-7.296092360372339
91.52,-7.267925268044415
91.54,-7.24115567561359
91.56,-7.2161631299031095
91.58,-7.192751565468582
91.6,-7.170914946828413
91.62,-7.150456995094292
91.64,-7.131371240481162
91.66,-7.1136506841822715
91.68,-7.09710014376239
91.7,-7.081900839948468
91.72,-7.06785822479813
91.74,-7.054779425708566
91.76,-7.0430320106071695
91.78,-7.032237139365694
91.8,-7.022390197911071
91.82,-7.013301458824297
91.84,-7.005337747903158
91.86,-6.998124805366124
91.88,-6.99184443649872
91.9,-6.986124659510378
91.92,-6.981332215512865
91.94,-6.977096420817128
91.96,-6.973415947519199
91.98,-6.970657329293781
92.0,-6.968267737449669
92.02,-6.966430358059809
92.04,-6.965144591255948
92.06,-6.964410015152808
92.08,-6.96422638794286
92.1,-6.964410015152808
92.12,-6.964960937145081
92.14,-6.965879274874317
92.16,-6.967165229489156
92.18,-6.96900287642757
92.2,-6.9710250587287845
92.22,-6.973231993215213
92.24,-6.975807955071714
92.26,-6.978753492950835
92.28,-6.981700708977081
92.3,-6.98501832151695
92.32,-6.9887070191914145
92.34,-6.9923982905720825
92.36,-6.996276875765869
92.38,-7.000343154825599
92.4,-7.004412479234551
92.42,-7.008855187034904
92.44,-7.013116126754714
92.46,-7.017751263042079
92.48,-7.022390197911071
92.5,-7.027032895474314
92.52,-7.031865253709401
92.54,-7.036701602119763
92.56,-7.041541899958158
92.58,-7.046386106349336
92.6,-7.051420721351642
92.62,-7.056272768059426
92.64,-7.061315436042202
92.66,-7.06617515161081
92.68,-7.071225693967851
92.7,-7.07609290587249
92.72,-7.081151142891142
92.74,-7.086025677545126
92.76,-7.090903740705736
92.78,-7.095785290220697
92.8,-7.100482336272684
92.82,-7.105182528879559
92.84,-7.109885830246418
92.86,-7.114592202473976
92.88,-7.119113173602366
92.9,-7.123636906100048
92.92,-7.1281633661666
92.94,-7.1325037518371355
92.96,-7.13684658149147
92.98,-7.141002851728365
93.0,-7.145161304330521
93.02,-7.149321912942738
93.04,-7.15329538995031
93.06,-7.157270784326809
93.08,-7.161058635684095
93.1,-7.1648481852449795
93.12,-7.168639412992543
93.14,-7.172242615504886
93.16,-7.175657540557378
93.18,-7.179073778552113
93.2,-7.182491314784582
93.22,-7.185720166672526
93.24,-7.188950150986027
93.26,-7.191991159535661
93.28,-7.195033149774768
93.3,-7.197885897936339
93.32,-7.200739491163801
93.34,-7.203403599687716
93.36,-7.206068429853563
93.38,-7.208733974644702
93.4,-7.211209757119426
93.42,-7.2136861440854325
93.44,-7.215972571399977
93.46,-7.218259504537789
93.48,-7.2205469390529
93.5,-7.222644190669761
93.52,-7.224551142502957
93.54,-7.226649181739225
93.56,-7.228556843896029
93.58,-7.230274025687992
93.6,-7.2319914763292354
93.62,-7.233709193931258
93.64,-7.235427176603995
93.66,-7.236954493312418
93.68,-7.238291064966147
93.7,-7.239818767985173
93.72,-7.24115567561359
93.74,-7.242492738627975
93.76,-7.243638915637882
93.78,-7.244976264856322
93.8,-7.2461226858627095
93.82,-7.247078122068389
93.84,-7.248224747467625
93.86,-7.249180353211063
93.88,-7.250136035494765
93.9,-7.2509006362111945
93.92,-7.251856455444046
93.94,-7.252621165296173
93.96,-7.25338592338097
93.98,-7.253959523496488
94.0,-7.254724365585334
94.02,-7.255298028511415
94.04,-7.255871718238425
94.06,-7.2564454346956095
94.08,-7.25701917781219
94.1,-7.257401687999062
94.12,-7.257975475390642
94.14,-7.258358015028607
94.16,-7.258740566410283
94.18,-7.259123129514671
94.2,-7.2593144154563225
94.22,-7.259696996105413
94.24,-7.259888290807602
94.26,-7.260270888954137
94.28,-7.260462192393232
94.3,-7.2606534987393765
94.32,-7.260844807989944
94.34,-7.261036120142307
94.36,-7.26122743519384
94.38,-7.26122743519384
94.4,-7.261418753141912
94.42,-7.261418753141912
94.44,-7.2616100739839
94.46,-7.2616100739839
94.48,-7.2616100739839
94.5,-7.2616100739839
94.52,-7.2616100739839
94.54,-7.261801397717174
94.56,-7.2616100739839
94.58,-7.2616100739839
94.6,-7.2616100739839
94.62,-7.2616100739839
94.64,-7.2616100739839
94.66,-7.2616100739839
94.68,-7.261418753141912
94.7,-7.261418753141912
94.72,-7.26122743519384
94.74,-7.26122743519384
94.76,-7.26122743519384
94.78,-7.261036120142307
94.8,-7.261036120142307
94.82,-7.260844807989944
94.84,-7.260844807989944
94.86,-7.2606534987393765
94.88,-7.260462192393232
94.9,-7.260462192393232
94.92,-7.260270888954137
94.94,-7.260270888954137
94.96,-7.260079588424718
94.98,-7.259888290807602
95.0,-7.259888290807602
95.02,-7.259696996105413
95.04,-7.2595057043207785
95.06,-7.2595057043207785
95.08,-7.2593144154563225
95.1,-7.259123129514671
95.12,-7.259123129514671
95.14,-7.25893184649845
95.16,-7.258740566410283
95.18,-7.258740566410283
95.2,-7.258549289252794
95.22,-7.258358015028607
95.24,-7.258358015028607
95.26,-7.258166743740349
95.28,-7.257975475390642
95.3,-7.257975475390642
95.32,-7.257784209982109
95.34,-7.257784209982109
95.36,-7.257592947517375
95.38,-7.257401687999062
95.4,-7.257401687999062
95.42,-7.257210431429793
95.44,-7.257210431429793
95.46,-7.25701917781219
95.48,-7.25701917781219
95.5,-7.256827927148878
95.52,-7.256636679442477
95.54,-7.256636679442477
95.56,-7.2564454346956095
95.58,-7.2564454346956095
95.6,-7.2564454346956095
95.62,-7.256254192910898
95.64,-7.256254192910898
95.66,-7.256062954090962
95.68,-7.256062954090962
95.7,-7.255871718238425
95.72,-7.255871718238425
95.74,-7.255871718238425
95.76,-7.255680485355909
95.78,-7.255680485355909
95.8,-7.255489255446032
95.82,-7.255489255446032
95.84,-7.255489255446032
95.86,-7.255298028511415
95.88,-7.255298028511415
95.9,-7.255298028511415
95.92,-7.25510680455468
95.94,-7.25510680455468
95.96,-7.25510680455468
95.98,-7.25510680455468
96.0,-5.372726284574716
96.02,-5.37378259847741
96.04,-5.376424411938497
96.06,-5.380654353432614
96.08,-5.386123517767448
96.1,-5.392659238590015
96.12,-5.39991156305126
96.14,-5.4080606799559465
96.16,-5.416755383615558
96.18,-5.42599803438382
96.2,-5.435612828839693
96.22,-5.445422721374906
96.24,-5.455607048296665
96.26,-5.465988076677889
96.28,-5.476566240220487
96.3,-5.487162190219726
96.32,-5.497775399652799
96.34,-5.508405338052853
96.36,-5.5190514715441275
96.38,-5.529713262877936
96.4,-5.540390171469468
96.42,-5.550900323475311
96.44,-5.561424039272849
96.46,-5.57177902032261
96.48,-5.581964117649898
96.5,-5.5919782425564035
96.52,-5.601820364829689
96.54,-5.611672033415626
96.56,-5.621350127917679
96.58,-5.630670915886458
96.6,-5.6399990833357005
96.62,-5.649151152647778
96.64,-5.657943152777982
96.66,-5.666740728484325
96.68,-5.675360123505663
96.7,-5.683617192798693
96.72,-5.691694735115571
96.74,-5.699592248386465
96.76,-5.707493042881751
96.78,-5.715029205018969
96.8,-5.722200143879202
96.82,-5.729373242926516
96.84,-5.736364330248298
96.86,-5.742989062352433
96.88,-5.7496152096285975
96.9,-5.755874414261958
96.92,-5.762134644637876
96.94,-5.768027459926914
96.96,-5.773736802918289
96.98,-5.779446724633204
97.0,-5.7847887103441185
97.02,-5.789946829572721
97.04,-5.7949209849638725
97.06,-5.799895331317319
97.08,-5.804501326979588
97.1,-5.809107389721158
97.12,-5.813344986659169
97.14,-5.817582564651662
97.16,-5.821451610225147
97.18,-5.825320581990813
97.2,-5.829005223007628
97.22,-5.832505524813335
97.24,-5.836005701257629
97.26,-5.839137314958777
97.28,-5.842268797027801
97.3,-5.845215940779803
97.32,-5.848162942490895
97.34,-5.850741442761905
97.36,-5.853319816548175
97.38,-5.855898055564362
97.4,-5.858107861170487
97.42,-5.860317556446032
97.44,-5.862527136163428
97.46,-5.864368360547484
97.48,-5.866393606872754
97.5,-5.8680505455569
97.52,-5.869707408934566
97.54,-5.871364194794859
97.56,-5.872836826472983
97.58,-5.874309393601167
97.6,-5.8755978356650855
97.62,-5.87688622607588
97.64,-5.877990518812065
97.66,-5.879094772176866
97.68,-5.8800149527650944
97.7,-5.880935105175967
97.72,-5.88185522902929
97.74,-5.882591307294969
97.76,-5.8833273668457
97.78,-5.883879399109895
97.8,-5.884615425440766
97.82,-5.885167432566328
97.84,-5.885535431260273
97.86,-5.886087420155645
97.88,-5.886455406619999
97.9,-5.886823388149878
97.92,-5.887191364720913
97.94,-5.887375351139247
97.96,-5.887559336308732
97.98,-5.88774332022632
98.0,-5.887927302888965
98.02,-5.888111284293617
98.04,-5.888111284293617
98.06,-5.888111284293617
98.08,-5.888111284293617
98.1,-5.888111284293617
98.12,-5.888111284293617
98.14,-5.888111284293617
98.16,-5.887927302888965
98.18,-5.887927302888965
98.2,-5.88774332022632
98.22,-5.887559336308732
98.24,-5.887559336308732
98.26,-5.887375351139247
98.28,-5.887191364720913
98.3,-5.886823388149878
98.32,-5.886639398003272
98.34,-5.886455406619999
98.36,-5.886271414003109
98.38,-5.885903425080655
98.4,-5.885719428781182
98.42,-5.885535431260273
98.44,-5.885167432566328
98.46,-5.884983431399381
98.48,-5.884615425440766
98.5,-5.884431420655186
98.52,-5.884063407486706
98.54,-5.883695389542093
98.56,-5.883511378786347
98.58,-5.883143353723194
98.6,-5.882959339421875
98.62,-5.882591307294969
98.64,-5.882223270489325
98.66,-5.882039250339585
98.68,-5.88167120656148
98.7,-5.881303158165496
98.72,-5.881119132243403
98.74,-5.880751076966229
98.76,-5.880567047617231
98.78,-5.880198985513623
98.8,-5.879830918889473
98.82,-5.879646883889799
98.84,-5.879278810530454
98.86,-5.879094772176866
98.88,-5.878726692137062
98.9,-5.878542650456925
98.92,-5.8781745637913865
98.94,-5.877990518812065
98.96,-5.877806472739093
98.98,-5.877438377324361
99.0,-5.877254327988679
99.02,-5.87688622607588
99.04,-5.876702173504841
99.06,-5.876518119861427
99.08,-5.876334065148677
99.1,-5.875965952527323
99.12,-5.8757818946247955
99.14,-5.8755978356650855
99.16,-5.87541377565123
99.18,-5.875229714586268
99.2,-5.875045652473237
99.22,-5.874861589315174
99.24,-5.874677525115116
99.26,-5.874493459876101
99.28,-5.874309393601167
99.3,-5.87412532629335
99.32,-5.8739412579556864
99.34,-5.873757188591213
99.36,-5.873573118202967
99.38,-5.873389046793985
99.4,-5.873204974367303
99.42,-5.873204974367303
99.44,-5.873020900925956
99.46,-5.872836826472983
99.48,-5.872652751011416
99.5,-5.872652751011416
99.52,-5.872468674544293
99.54,-5.872284597074651
99.56,-5.872284597074651
99.58,-5.872100518605522
99.6,-5.872100518605522
99.62,-5.871916439139943
99.64,-5.871916439139943
99.66,-5.87173235868095
99.68,-5.87173235868095
99.7,-5.871548277231576
99.72,-5.871548277231576
99.74,-5.871364194794859
99.76,-5.871364194794859
99.78,-5.871364194794859
99.8,-5.871180111373831
99.82,-5.871180111373831
99.84,-5.870996026971527
99.86,-5.870996026971527
99.88,-5.870996026971527
99.9,-5.870996026971527
99.92,-5.870811941590983
99.94,-5.870811941590983
99.96,-5.870811941590983
99.98,-5.870811941590983
100.0,-5.870627855235232
100.02,-5.870627855235232
100.04,-5.870627855235232
100.06,-5.870627855235232
100.08,-5.870627855235232
100.1,-5.870443767907307
100.12,-5.870443767907307
100.14,-5.870443767907307
100.16,-5.870443767907307
100.18,-5.870443767907307
100.2,-5.870443767907307
100.22,-5.870443767907307
100.24,-5.870443767907307
100.26,-5.870443767907307
100.28,-5.870443767907307
100.3,-5.870259679610245
100.32,-5.870259679610245
100.34,-5.870259679610245
100.36,-5.870259679610245
100.38,-5.870259679610245
100.4,-5.870259679610245
100.42,-5.870259679610245
100.44,-5.870259679610245
100.46,-5.870259679610245
100.48,-5.870259679610245
100.5,-5.870259679610245
100.52,-5.870259679610245
100.54,-5.870259679610245
100.56,-5.870259679610245
100.58,-5.870259679610245
100.6,-5.870259679610245
100.62,-5.870259679610245
100.64,-5.870259679610245
100.66,-5.870259679610245
100.68,-5.870259679610245
100.7,-5.870259679610245
100.72,-5.870259679610245
100.74,-5.870259679610245
100.76,-5.870259679610245
100.78,-5.870259679610245
100.8,-5.870259679610245
100.82,-5.870259679610245
100.84,-5.870259679610245
100.86,-5.870259679610245
100.88,-5.870259679610245
100.9,-5.870443767907307
100.92,-5.870443767907307
100.94,-5.870443767907307
100.96,-5.870443767907307
100.98,-5.870443767907307
101.0,-5.870443767907307
101.02,-5.870443767907307
101.04,-5.870443767907307
101.06,-5.870443767907307
101.08,-5.870443767907307
101.1,-5.870443767907307
101.12,-5.870443767907307
101.14,-5.870443767907307
101.16,-5.870443767907307
101.18,-5.870443767907307
101.2,-5.870443767907307
101.22,-5.870443767907307
101.24,-5.870443767907307
101.26,-5.870443767907307
101.28,-5.870443767907307
101.3,-5.870443767907307
101.32,-5.870443767907307
101.34,-5.870443767907307
101.36,-5.870443767907307
101.38,-5.870443767907307
101.4,-5.870443767907307
101.42,-5.870627855235232
101.44,-5.870627855235232
101.46,-5.870627855235232
101.48,-5.870627855235232
101.5,-5.870627855235232
101.52,-5.870627855235232
101.54,-5.870627855235232
101.56,-5.870627855235232
101.58,-5.870627855235232
101.6,-5.870627855235232
101.62,-5.870627855235232
101.64,-5.870627855235232
101.66,-5.870627855235232
101.68,-5.870627855235232
101.7,-5.870627855235232
101.72,-5.870627855235232
101.74,-5.870627855235232
101.76,-5.870627855235232
101.78,-5.870627855235232
101.8,-5.870627855235232
101.82,-5.870627855235232
101.84,-5.870627855235232
101.86,-5.870627855235232
101.88,-5.870627855235232
101.9,-5.870627855235232
101.92,-5.870627855235232
101.94,-5.870627855235232
101.96,-5.870627855235232
101.98,-5.870627855235232
102.0,3.124382976887963
102.02,3.121485441109575
102.04,3.113423656248138
102.06,3.1008550695029324
102.08,3.084283467548211
102.1,3.0641289077492924
102.12,3.040723666267118
102.14,3.0143192793326072
102.16,2.9851938812870475
102.18,2.953547522335299
102.2,2.919606051443116
102.22,2.883577853878356
102.24,2.8456473141011673
102.26,2.8060456782009218
102.28,2.764939800025844
102.3,2.7225183167027307
102.32,2.678973563936897
102.34,2.6344810221337203
102.36,2.589211789554168
102.38,2.543329426160841
102.4,2.497005050947702
102.42,2.450397543682505
102.44,2.4036508786238557
102.46,2.356873025008693
102.48,2.3102467708660144
102.5,2.2638412548570654
102.52,2.217798901721636
102.54,2.172202148952448
102.56,2.127168480883458
102.58,2.0827728587554386
102.6,2.039066236411968
102.62,1.9961538505262728
102.64,1.9540973817766032
102.66,1.9129145604370708
102.68,1.872677598955245
102.7,1.833395382013937
102.72,1.7951315705139763
102.74,1.7579064737305024
102.76,1.7217171403485674
102.78,1.686596247953389
102.8,1.6525536140022836
102.82,1.6195767741920013
102.84,1.587689237230914
102.86,1.5568734646978732
102.88,1.527110032623941
102.9,1.4984156756816256
102.92,1.4707579469626955
102.94,1.4441295781581769
102.96,1.4185145157604937
102.98,1.3938920159396766
103.0,1.3702424298663494
103.02,1.3475454838632135
103.04,1.3257786138270113
103.06,1.30491931080573
103.08,1.2849427253435446
103.1,1.2658253900222602
103.12,1.2475435015468581
103.14,1.2300712595894827
103.16,1.2133858790973897
103.18,1.1974595990449208
103.2,1.1822719366073482
103.22,1.167797545925368
103.24,1.1540115080941873
103.26,1.140891047023468
103.28,1.1284121373717864
103.3,1.1165612754440768
103.32,1.105298613656681
103.34,1.094608327672791
103.36,1.0844667123799958
103.38,1.0748833820480979
103.4,1.0657862431553582
103.42,1.0572021133528844
103.44,1.04909271621647
103.46,1.04142053991155
103.48,1.034213016100417
103.5,1.027401307248911
103.52,1.021013362258444
103.54,1.0150133236525574
103.56,1.0093817905199618
103.58,1.0040997387294877
103.6,0.9991642440770668
103.62,0.9945568412725508
103.64,0.9902593892936552
103.66,0.9862696758656316
103.68,0.9825700366422108
103.7,0.9791430783184011
103.72,0.9759716564490446
103.74,0.9730698616793289
103.76,0.9703898745439465
103.78,0.9679615498858795
103.8,0.9657374840104871
103.82,0.9637168556839565
103.84,0.9619143133008691
103.86,0.9602829873508122
103.88,0.9588530989337934
103.9,0.9575780439776004
103.92,0.9564727996586794
103.94,0.9555216780231529
103.96,0.9547244033416881
103.98,0.9540654220690087
104.0,0.9535292449374019
104.02,0.9531310598924944
104.04,0.9528554522506598
104.06,0.9526870490983947
104.08,0.9526105081654027
104.1,0.9526564322785943
104.12,0.9527789031304637
104.14,0.9530085616541347
104.16,0.9533148251072016
104.18,0.9536824198111683
104.2,0.9541420336742432
104.22,0.9546630911630881
104.24,0.9552456528614344
104.26,0.9558897864317094
104.28,0.9565955665986886
104.3,0.9573477213261345
104.32,0.9581309544645825
104.34,0.958976049738675
104.36,0.9598523485839752
104.38,0.9607599013111584
104.4,0.9617141556424967
104.42,0.9626843831806812
104.44,0.9636860260139913
104.46,0.9647037167276368
104.48,0.9657529183838436
104.5,0.966802801333068
104.52,0.9678842742351137
104.54,0.9689664678667347
104.56,0.970064857013209
104.58,0.9711639863323015
104.6,0.972279351557954
104.62,0.9733954765960829
104.64,0.9745123607616225
104.66,0.9756300033682577
104.68,0.976748403728421
104.7,0.9778520121189225
104.72,0.978971915417963
104.74,0.9800770045298705
104.76,0.981167247754515
104.78,0.9822582039891946
104.8,0.9833342723167507
104.82,0.9843954220435216
104.84,0.9854572428336674
104.86,0.9865041043725258
104.88,0.9875359769639191
104.9,0.9885528313951698
104.92,0.9895546389353709
104.94,0.9905413713336835
104.96,0.9915130008176494
104.98,0.9924695000915233
105.0,0.9933951490468842
105.02,0.9943212994167879
105.04,0.9952322406837144
105.06,0.9961122292635524
105.08,0.9969769424518352
105.1,0.9978263562270692
105.12,0.998660447032174
105.14,0.9994634430266818
105.16,1.0002510558551785
105.18,1.0010232637890883
105.2,1.001780045557379
105.22,1.0025056039763915
105.24,1.0032314648507281
105.26,1.003926049399717
105.28,1.004589319757848
105.3,1.005252841808776
105.32,1.0058850014408023
105.34,1.006517389112199
105.36,1.0071025506270805
105.38,1.0076879070541533
105.4,1.0082576300254198
105.42,1.0087958709805909
105.44,1.0093342762820556
105.46,1.009841160744537
105.48,1.0103323437700698
105.5,1.010807812093702
105.52,1.0112675528872492
105.54,1.0117115537584302
105.56,1.01213980275003
105.58,1.0125522883390934
105.6,1.0129331292921637
105.62,1.0133140518411956
105.64,1.0136791791593929
105.66,1.0140285014531665
105.68,1.0143620093595649
105.7,1.0146955796602357
105.72,1.0149974351094793
105.74,1.0152834505179806
105.76,1.0155695117303483
105.78,1.015839722700395
105.8,1.0160940762112138
105.82,1.01633256547301
105.84,1.0165710865139055
105.86,1.016793734818037
105.88,1.0170005044496868
105.9,1.0172072979370252
105.92,1.0173822956713414
105.94,1.0175732217637852
105.96,1.0177323423605487
105.98,1.017891477064057
106.0,1.0180506258723414
106.02,1.0181938718577541
106.04,1.0183212112113136
106.06,1.0184485595885282
106.08,1.0185599968200139
106.1,1.0186714409587874
106.12,1.018766970003432
106.14,1.0188625041218957
106.16,1.0189580433137537
106.18,1.0190376631821707
106.2,1.0191013616132218
106.22,1.019180987822228
106.24,1.0192446913254314
106.26,1.0192924704320834
106.28,1.019340250806605
106.3,1.0193880324489428
106.32,1.0194358153590433
106.34,1.0194676713367297
106.36,1.0194995278778274
106.38,1.0195313849823193
106.4,1.0195632426501906
106.42,1.0195791716953886
106.44,1.019595100881425
106.46,1.0196110302082988
106.48,1.019626959676007
106.5,1.019626959676007
106.52,1.019626959676007
106.54,1.019626959676007
106.56,1.019626959676007
106.58,1.019626959676007
106.6,1.019626959676007
106.62,1.0196110302082988
106.64,1.019595100881425
106.66,1.019595100881425
106.68,1.0195791716953886
106.7,1.0195632426501906
106.72,1.0195473137458335
106.74,1.0195313849823193
106.76,1.0194995278778274
106.78,1.019483599536853
106.8,1.0194676713367297
106.82,1.0194358153590433
106.84,1.0194198875814835
106.86,1.0193880324489428
106.88,1.019372105093965
106.9,1.019340250806605
106.92,1.019308397082719
106.94,1.0192924704320834
106.96,1.0192606175534378
106.98,1.019228765238305
107.0,1.0191969134867016
107.02,1.019180987822228
107.04,1.019149136915947
107.06,1.0191172865732352
107.08,1.0190854367941073
107.1,1.0190535875785796
107.12,1.0190376631821707
107.14,1.0190058148120722
107.16,1.0189739670056137
107.18,1.0189421197628097
107.2,1.0189261963527838
107.22,1.0188943499554926
107.24,1.0188625041218957
107.26,1.01883065885201
107.28,1.018814736428463
107.3,1.0187828920041722
107.32,1.018751048143631
107.34,1.0187351264247717
107.36,1.0187032834098848
107.38,1.0186714409587874
107.4,1.0186555199446647
107.42,1.0186236783392804
107.44,1.0186077577480233
107.46,1.018575916988388
107.48,1.0185599968200139
107.5,1.018528156906163
107.52,1.0185122371606903
107.54,1.0184803980926596
107.56,1.0184644787701054
107.58,1.0184485595885282
107.6,1.018416721648312
107.62,1.0184008028896772
107.64,1.0183848842720273
107.66,1.018368965795364
107.68,1.0183530474596891
107.7,1.0183212112113136
107.72,1.018305293298617
107.74,1.018289375526917
107.76,1.0182734578962154
107.78,1.018257540406514
107.8,1.0182416230578157
107.82,1.0182257058501212
107.84,1.0182097887834336
107.86,1.0182097887834336
107.88,1.0181938718577541
107.9,1.018177955073085
107.92,1.018162038429428
107.94,1.0181461219267856
107.96,1.0181302055651598
107.98,1.0181302055651598
108.0,3.5247632679054504
108.02,3.5232237154936987
108.04,3.519012731513139
108.06,3.5125429956551173
108.08,3.504229364865538
108.1,3.494352964302616
108.12,3.4832325616174886
108.14,3.4710901184746685
108.16,3.458127058474949
108.18,3.444505232364178
108.2,3.4303846300181546
108.22,3.4158858124770033
108.24,3.401127529500859
108.26,3.386189711763307
108.28,3.3711508852227996
108.3,3.3561062392542618
108.32,3.3410766130441454
108.34,3.3261183779944274
108.36,3.311286602246849
108.38,3.2966172633575006
108.4,3.2821277768785917
108.42,3.267852590993324
108.44,3.25379038608355
108.46,3.240008996350361
108.48,3.22647128661551
108.5,3.2132263631495186
108.52,3.200271061715354
108.54,3.1876021911309484
108.56,3.1752332895916204
108.58,3.163177448829571
108.6,3.151430792101954
108.62,3.1399894489172944
108.64,3.128865891094989
108.66,3.1180559719048966
108.68,3.107555575899062
108.7,3.097360624200353
108.72,3.0874830144838583
108.74,3.0779026319062632
108.76,3.0686155420382426
108.78,3.0596335233131993
108.8,3.0509524904786587
108.82,3.042537468583068
108.84,3.0344158302194777
108.86,3.026583715863201
108.88,3.019006881106138
108.9,3.01169726886406
108.92,3.0046665855093555
108.94,2.997881301057737
108.96,2.991338429282476
108.98,2.9850499255599057
109.0,2.9789979535046087
109.02,2.973179763502768
109.04,2.9675926865003324
109.06,2.9622195253765398
109.08,2.95707250501798
109.1,2.9521202120768657
109.12,2.9473895163029193
109.14,2.942834994162152
109.16,2.9384979349733644
109.18,2.9343333734594537
109.2,2.930353956533247
109.22,2.926543816721998
109.24,2.9229156291033744
109.26,2.91945374045425
109.28,2.9161427247306397
109.3,2.912995428743881
109.32,2.9099966114418754
109.34,2.907145189232993
109.36,2.9044262000628893
109.38,2.901852647711096
109.4,2.8994097247736255
109.42,2.897096623772212
109.44,2.8948987678308695
109.46,2.892829290517965
109.48,2.8908737411864958
109.5,2.889017801499285
109.52,2.887274701095596
109.54,2.8856439180996785
109.56,2.8840976138588066
109.58,2.8826490957870203
109.6,2.8812979817692455
109.62,2.88003029145548
109.64,2.878845737107067
109.66,2.8777576435260084
109.68,2.8767249771745163
109.7,2.875788288060194
109.72,2.8749066515256394
109.74,2.8741070284726242
109.76,2.8733621586506546
109.78,2.8726854577977496
109.8,2.8720632745920307
109.82,2.871509028283307
109.84,2.871009104266277
109.86,2.870549923346143
109.88,2.8701584270221603
109.9,2.86980755399542
109.92,2.869497263802017
109.94,2.869227520639809
109.96,2.869011775943688
109.98,2.868823035674562
110.0,2.8686747635444356
110.02,2.8685669424211695
110.04,2.868486083847882
110.06,2.8684456568978183
110.08,2.868418706463192
110.1,2.868432181593963
110.12,2.8684726080247787
110.14,2.868526512355673
110.16,2.868620851598223
110.18,2.868728678259755
110.2,2.8688499964934864
110.22,2.868998293371053
110.24,2.869160095663657
110.26,2.869335409599408
110.28,2.869537731245625
110.3,2.8697400918202693
110.32,2.8699694808614136
110.34,2.8701989198961546
110.36,2.870441909831383
110.38,2.870698460002321
110.4,2.8709550726055264
110.42,2.871238769690582
110.44,2.871509028283307
110.46,2.8717928742354233
110.48,2.8720903184306543
110.5,2.872374320479427
110.52,2.8726719281871875
110.54,2.872983152951481
110.56,2.8732809317398975
110.58,2.873592335341372
110.6,2.873903830333153
110.62,2.874215416704834
110.64,2.8745135413400673
110.66,2.8748253064683658
110.68,2.87513716294573
110.7,2.8754491107617093
110.72,2.875747581087601
110.74,2.8760597075792993
110.76,2.876358348793219
110.78,2.8766570735384165
110.8,2.8769558818056997
110.82,2.877254773585867
110.84,2.877540157272662
110.86,2.877839212255953
110.88,2.8781247517107285
110.9,2.878396764762568
110.92,2.878668846796572
110.94,2.8789409978057883
110.96,2.8792132177832555
110.98,2.879471890637349
111.0,2.879730625723025
111.02,2.8799894230343015
111.04,2.88023465682827
111.06,2.8804799464596766
111.08,2.880725291923422
111.1,2.880957058344831
111.12,2.8811752369323385
111.14,2.8814071000052848
111.16,2.8816253695513065
111.18,2.8818300372985264
111.2,2.8820347437986746
111.22,2.8822394890487857
111.24,2.882430619574015
111.26,2.8826217838497654
111.28,2.882812981873623
111.3,2.8829905531119917
111.32,2.8831681534454696
111.34,2.8833321180372202
111.36,2.8834961074168937
111.38,2.883660121582963
111.4,2.883810489674717
111.42,2.88396087859147
111.44,2.884111288332043
111.46,2.8842480425291037
111.48,2.884384813934076
111.5,2.8845079229105814
111.52,2.884644727008143
111.54,2.8847541826740795
111.56,2.8848773334597784
111.58,2.884986812523471
111.6,2.885096302597162
111.62,2.885205803680397
111.64,2.885301626159136
111.66,2.8853974570664045
111.68,2.885493296401898
111.7,2.8855754511116967
111.72,2.8856576120132438
111.74,2.885739779106348
111.76,2.8858219523908164
111.78,2.885890434857249
111.8,2.8859589216229957
111.82,2.8860274126879446
111.84,2.8860959080519852
111.86,2.8861507074384884
111.88,2.8862055095762815
111.9,2.886260314465308
111.92,2.8863151221055103
111.94,2.8863562296410867
111.96,2.88641104209571
111.98,2.8864521532420366
112.0,2.8864932659357874
112.02,2.8865343801769385
112.04,2.886561790530694
112.06,2.8866029073507917
112.08,2.8866303194238223
112.1,2.886657732184551
112.12,2.8866851456329705
112.14,2.8867125597690726
112.16,2.8867399745928517
112.18,2.8867673901042994
112.2,2.886781098117897
112.22,2.8867948063034095
112.24,2.8868222231901735
112.26,2.8868359318914245
112.28,2.886849640764586
112.3,2.8868633498096576
112.32,2.886877059026639
112.34,2.886877059026639
112.36,2.8868907684155287
112.38,2.8868907684155287
112.4,2.886904477976325
112.42,2.886904477976325
112.44,2.886918187709029
112.46,2.886918187709029
112.48,2.886918187709029
112.5,2.886918187709029
112.52,2.886918187709029
112.54,2.886918187709029
112.56,2.886918187709029
112.58,2.886918187709029
112.6,2.886918187709029
112.62,2.886918187709029
112.64,2.886918187709029
112.66,2.886918187709029
112.68,2.886904477976325
112.7,2.886904477976325
112.72,2.886904477976325
112.74,2.8868907684155287
112.76,2.8868907684155287
112.78,2.8868907684155287
112.8,2.886877059026639
112.82,2.886877059026639
112.84,2.8868633498096576
112.86,2.8868633498096576
112.88,2.886849640764586
112.9,2.886849640764586
112.92,2.8868359318914245
112.94,2.8868359318914245
112.96,2.8868222231901735
112.98,2.886808514660835
113.0,2.886808514660835
113.02,2.8867948063034095
113.04,2.8867948063034095
113.06,2.886781098117897
113.08,2.886781098117897
113.1,2.8867673901042994
113.12,2.8867673901042994
113.14,2.886753682262617
113.16,2.8867399745928517
113.18,2.8867399745928517
113.2,2.886726267095003
113.22,2.886726267095003
113.24,2.8867125597690726
113.26,2.8867125597690726
113.28,2.8866988526150617
113.3,2.8866851456329705
113.32,2.8866851456329705
113.34,2.8866714388228
113.36,2.8866714388228
113.38,2.886657732184551
113.4,2.886657732184551
113.42,2.886644025718225
113.44,2.886644025718225
113.46,2.8866303194238223
113.48,2.8866303194238223
113.5,2.8866303194238223
113.52,2.8866166133013444
113.54,2.8866166133013444
113.56,2.8866029073507917
113.58,2.8866029073507917
113.6,2.886589201572165
113.62,2.886589201572165
113.64,2.886589201572165
113.66,2.8865754959654657
113.68,2.8865754959654657
113.7,2.886561790530694
113.72,2.886561790530694
113.74,2.886561790530694
113.76,2.8865480852678513
113.78,2.8865480852678513
113.8,2.8865480852678513
113.82,2.8865480852678513
113.84,2.8865343801769385
113.86,2.8865343801769385
113.88,2.8865343801769385
113.9,2.886520675257956
113.92,2.886520675257956
113.94,2.886520675257956
113.96,2.886520675257956
113.98,2.8865069705109057
114.0,8.189795965270179
114.02,8.187189147839222
114.04,8.179981549665497
114.06,8.168953985421092
114.08,8.154795780728278
114.1,8.138083186034939
114.12,8.119346726565508
114.14,8.0989976778941
114.16,8.077426183171669
114.18,8.054944395414127
114.2,8.031828571668147
114.22,8.008292518446474
114.24,7.984555282408381
114.26,7.960774804430987
114.28,7.9370890684526545
114.3,7.913604126091896
114.32,7.890432472080363
114.34,7.8676556399692235
114.36,7.845326155548177
114.38,7.823515874976433
114.4,7.802256987101255
114.42,7.781578674338243
114.44,7.761518020782362
114.46,7.7420869026277295
114.48,7.723295164092782
114.5,7.705150673720606
114.52,7.6876593907149715
114.54,7.670825440813782
114.56,7.654631994619306
114.58,7.639090411006025
114.6,7.624182059435136
114.62,7.609906419669902
114.64,7.5962087798544395
114.66,7.58307215823619
114.68,7.570563886708315
114.7,7.55857950036139
114.72,7.5471832060504065
114.74,7.536274920728502
114.76,7.525915985644965
114.78,7.516085972281826
114.8,7.506617506256396
114.82,7.4977172270670325
114.84,7.489149620010911
114.86,7.481112736406077
114.88,7.473381167745883
114.9,7.466078657826754
114.92,7.459188293019778
114.94,7.452630135329407
114.96,7.446392287456187
114.98,7.4404632072121
115.0,7.434831710087759
115.02,7.429545789789688
115.04,7.424533960460308
115.06,7.419786239402638
115.08,7.415293006296775
115.1,7.410990329094912
115.12,7.4069795982162505
115.14,7.403196629060057
115.16,7.399581282288632
115.18,7.396179365208895
115.2,7.392983307922312
115.22,7.389936325685394
115.24,7.387082581981749
115.26,7.384367320202895
115.28,7.381833737716609
115.3,7.379428972716796
115.32,7.3771953816128555
115.34,7.375081864514392
115.36,7.373039840429652
115.38,7.371156720684062
115.4,7.369427772430901
115.42,7.367761349367654
115.44,7.3661991798562605
115.46,7.364738565845175
115.48,7.3633346174875705
115.5,7.362070006523261
115.52,7.360858137019746
115.54,7.359739193287266
115.56,7.358670205153702
115.58,7.3576908548188085
115.6,7.356799359913084
115.62,7.355953954265234
115.64,7.35515385791088
115.66,7.35443798268063
115.68,7.353765539744397
115.7,7.353135899726096
115.72,7.352548470764959
115.74,7.352041602310867
115.76,7.351536809856029
115.78,7.351111298642699
115.8,7.350725759130874
115.82,7.350341446708225
115.84,7.350034880013307
115.86,7.349729098207495
115.88,7.349500276816432
115.9,7.349271896728654
115.92,7.349043957859574
115.94,7.348892243693182
115.96,7.348740725561199
115.98,7.3486272155946555
116.0,7.348551603531267
116.02,7.348476040462318
116.04,7.348400526384653
116.06,7.348400526384653
116.08,7.348362787716567
116.1,7.348400526384653
116.12,7.348400526384653
116.14,7.348438277299771
116.16,7.348513815872685
116.18,7.348551603531267
116.2,7.348665040000247
116.22,7.348740725561199
116.24,7.348854345782943
116.26,7.348968076270505
116.28,7.349081917034493
116.3,7.34923387627924
116.32,7.3493479743961005
116.34,7.349500276816432
116.36,7.34965277537156
116.38,7.349843674418156
116.4,7.3499966143680515
116.42,7.350188065237157
116.44,7.350341446708225
116.46,7.350533449557656
116.48,7.350725759130874
116.5,7.350918375476403
116.52,7.351111298642699
116.54,7.351304528678154
116.56,7.351498065631095
116.58,7.351691909549778
116.6,7.351886060482396
116.62,7.352080518477075
116.64,7.352314273460273
116.66,7.352509407160559
116.68,7.352704848076462
116.7,7.352900596255824
116.72,7.353096651746427
116.74,7.353293014595981
116.76,7.35348968485213
116.78,7.353686662562454
116.8,7.353883947774463
116.82,7.354081540535599
116.84,7.35427944089324
116.86,7.354477648894695
116.88,7.354676164587205
116.9,7.354835198710474
116.92,7.355034268365716
116.94,7.355193745720194
116.96,7.355393369490619
116.98,7.355553290198106
117.0,7.355753468235769
117.02,7.355913832417753
117.04,7.356074393738425
117.06,7.356235152221695
117.08,7.356396107891438
117.1,7.356557260771509
117.12,7.35671861088573
117.14,7.356839752920623
117.16,7.3570014482518475
117.18,7.35712284922678
117.2,7.357284889847733
117.22,7.357406549817192
117.24,7.357528320800957
117.26,7.3576908548188085
117.28,7.357812884874743
117.3,7.35793502597821
117.32,7.358057278139158
117.34,7.3581388412833
117.36,7.358261278562134
117.38,7.358383826924937
117.4,7.3584655875516845
117.42,7.358588321076464
117.44,7.358670205153702
117.46,7.3587931238679625
117.48,7.3588751314140115
117.5,7.35895718835271
117.52,7.359039294686982
117.54,7.359121450419751
117.56,7.35920365555394
117.58,7.359285910092469
117.6,7.359368214038255
117.62,7.359409384539782
117.64,7.359491762601922
117.66,7.359574190078609
117.68,7.359615422348317
117.7,7.359656666972753
117.72,7.359739193287266
117.74,7.359780474978069
117.76,7.359821769025055
117.78,7.359904394189028
117.8,7.3599457253067415
117.82,7.35998706878209
117.84,7.360028424615436
117.86,7.360069792807143
117.88,7.3601111733575735
117.9,7.3601525662670895
117.92,7.360193971536054
117.94,7.360235389164829
117.96,7.360235389164829
117.98,7.360276819153777
118.0,7.360318261503259
118.02,7.360318261503259
118.04,7.3603597162136385
118.06,7.3603597162136385
118.08,7.360401183285277
118.1,7.360401183285277
118.12,7.360442662718536
118.14,7.360442662718536
118.16,7.3604841545137765
118.18,7.3604841545137765
118.2,7.3604841545137765
118.22,7.36052565867136
118.24,7.36052565867136
118.26,7.36052565867136
118.28,7.360567175191649
118.3,7.360567175191649
118.32,7.360567175191649
118.34,7.360567175191649
118.36,7.360567175191649
118.38,7.360567175191649
118.4,7.360608704075005
118.42,7.360608704075005
118.44,7.360608704075005
118.46,7.360608704075005
118.48,7.360608704075005
118.5,7.360608704075005
118.52,7.360608704075005
118.54,7.360608704075005
118.56,7.360608704075005
118.58,7.360608704075005
118.6,7.360608704075005
118.62,7.360608704075005
118.64,7.360608704075005
118.66,7.360608704075005
118.68,7.360608704075005
118.7,7.360608704075005
118.72,7.360567175191649
118.74,7.360567175191649
118.76,7.360567175191649
118.78,7.360567175191649
118.8,7.360567175191649
118.82,7.360567175191649
118.84,7.360567175191649
118.86,7.360567175191649
118.88,7.360567175191649
118.9,7.360567175191649
118.92,7.36052565867136
118.94,7.36052565867136
118.96,7.36052565867136
118.98,7.36052565867136
119.0,7.36052565867136
119.02,7.36052565867136
119.04,7.36052565867136
119.06,7.36052565867136
119.08,7.3604841545137765
119.1,7.3604841545137765
119.12,7.3604841545137765
119.14,7.3604841545137765
119.16,7.3604841545137765
119.18,7.3604841545137765
119.2,7.3604841545137765
119.22,7.360442662718536
119.24,7.360442662718536
119.26,7.360442662718536
119.28,7.360442662718536
119.3,7.360442662718536
119.32,7.360442662718536
119.34,7.360442662718536
119.36,7.360442662718536
119.38,7.360442662718536
119.4,7.360401183285277
119.42,7.360401183285277
119.44,7.360401183285277
119.46,7.360401183285277
119.48,7.360401183285277
119.5,7.360401183285277
119.52,7.360401183285277
119.54,7.360401183285277
119.56,7.360401183285277
119.58,7.3603597162136385
119.6,7.3603597162136385
119.62,7.3603597162136385
119.64,7.3603597162136385
119.66,7.3603597162136385
119.68,7.3603597162136385
119.7,7.3603597162136385
119.72,7.3603597162136385
119.74,7.3603597162136385
119.76,7.3603597162136385
119.78,7.3603597162136385
119.8,7.3603597162136385
119.82,7.3603597162136385
119.84,7.360318261503259
119.86,7.360318261503259
119.88,7.360318261503259
119.9,7.360318261503259
119.92,7.360318261503259
119.94,7.360318261503259
119.96,7.360318261503259
119.98,7.360318261503259
120.0,-13.983998108824517
120.02,-14.002529641290806
120.04,-14.053186763630036
120.06,-14.130291629378188
120.08,-14.227913573146882
120.1,-14.340908241200669
120.12,-14.465188231208248
120.14,-14.596566505033111
120.16,-14.731617486083435
120.18,-14.867493706789599
120.2,-15.001787698188961
120.22,-15.132380015954432
120.24,-15.25753810255134
120.26,-15.37587649924188
120.28,-15.486276717069439
120.3,-15.587847295778214
120.32,-15.679960894692304
120.34,-15.76213282850071
120.36,-15.834078383199218
120.38,-15.895635389245626
120.4,-15.946785137425557
120.42,-15.987611649873434
120.44,-16.01829902396892
120.46,-16.039112670679724
120.48,-16.05039988607645
120.5,-16.052568518813427
120.52,-16.046083957288975
120.54,-16.031455040883664
120.56,-16.00923677051891
120.58,-15.980003941775148
120.6,-15.944364498987573
120.62,-15.902932145383224
120.64,-15.856328530730796
120.66,-15.8051856965678
120.68,-15.750061732970348
120.7,-15.691655073408976
120.72,-15.63045152642463
120.74,-15.567090508426183
120.76,-15.502100174241415
120.78,-15.435867457143294
120.8,-15.368844377858048
120.82,-15.30156883232911
120.84,-15.23443754726625
120.86,-15.167688254175136
120.88,-15.10163950779731
120.9,-15.036576982039582
120.92,-14.9727541741257
120.94,-14.910393440262407
120.96,-14.849557264405629
120.98,-14.790539098510624
121.0,-14.733477428278233
121.02,-14.678224803090865
121.04,-14.624873732574937
121.06,-14.573757716573082
121.08,-14.524542171518997
121.1,-14.477526588717406
121.12,-14.432480111620338
121.14,-14.389546364536603
121.16,-14.348603381061219
121.18,-14.309648504287555
121.2,-14.272548096206142
121.22,-14.237410322288978
121.24,-14.20409159766361
121.26,-14.172567934792937
121.28,-14.142693601145284
121.3,-14.11444159806833
121.32,-14.087782473312775
121.34,-14.062684885628867
121.36,-14.039003462624267
121.38,-14.016819784388993
121.4,-13.995879348714361
121.42,-13.976155101355722
121.44,-13.957727630079026
121.46,-13.940353036853068
121.48,-13.924219058136186
121.5,-13.908982562790774
121.52,-13.894831151432255
121.54,-13.881534700360458
121.56,-13.869278088652347
121.58,-13.857735735993213
121.6,-13.846993083612366
121.62,-13.837132902643942
121.64,-13.827940398844687
121.66,-13.819402975145074
121.68,-13.811508665990514
121.7,-13.804246176106737
121.72,-13.797604915726202
121.74,-13.791479581743657
121.76,-13.785862517072138
121.78,-13.780746597445713
121.8,-13.776125248013884
121.82,-13.771992458256538
121.84,-13.768249381289445
121.86,-13.764892053095156
121.88,-13.761916887252022
121.9,-13.759320680985754
121.92,-13.757100620485913
121.94,-13.755162057529551
121.96,-13.753503401034886
121.98,-13.752123283700998
122.0,-13.75102056364049
122.02,-13.75019432573199
122.04,-13.749643882696912
122.06,-13.749277090640252
122.08,-13.749185413877965
122.1,-13.749277090640252
122.12,-13.749552171932937
122.14,-13.750010810733981
122.16,-13.750561457660586
122.18,-13.751388001228253
122.2,-13.75230718914192
122.22,-13.753319275218342
122.24,-13.754516698561192
122.26,-13.755900118166693
122.28,-13.75728543986322
122.3,-13.758857767695297
122.32,-13.760432532484945
122.34,-13.762195443545846
122.36,-13.763961389975789
122.38,-13.76591675139208
122.4,-13.76778243675665
122.42,-13.769838556312346
122.44,-13.771898718578637
122.46,-13.774056839223816
122.48,-13.776219362179237
122.5,-13.778386279085554
122.52,-13.780652085363329
122.54,-13.782922657283322
122.56,-13.785197985247548
122.58,-13.787478059623929
122.6,-13.789762870746314
122.62,-13.792147908777965
122.64,-13.79444236060052
122.66,-13.796837419855114
122.68,-13.799141471653618
122.7,-13.801546509559232
122.72,-13.803860120319868
122.74,-13.806178397969704
122.76,-13.808501332566117
122.78,-13.81082891413252
122.8,-13.813063864439073
122.82,-13.815400517292758
122.84,-13.81764414242918
122.86,-13.819794178396755
122.88,-13.822046074405018
122.9,-13.82420400527389
122.92,-13.826365783915115
122.94,-13.828432882046481
122.96,-13.830503472040673
122.98,-13.832577546999936
123.0,-13.834556090146142
123.02,-13.836537781991744
123.04,-13.838522616528106
123.06,-13.84041111476759
123.08,-13.842302438668927
123.1,-13.844096820998464
123.12,-13.845893730293
123.14,-13.84769316211595
123.16,-13.849394937707052
123.18,-13.850998657258591
123.2,-13.852704782133443
123.22,-13.854212042611147
123.24,-13.855821702117137
123.26,-13.857332550465033
123.28,-13.858744238355635
123.3,-13.860258433018863
123.32,-13.861572132119427
123.34,-13.86298833373381
123.36,-13.864304721524821
123.38,-13.865520995431455
123.4,-13.866738368797828
123.42,-13.867956840272685
123.44,-13.869074735959956
123.46,-13.870193552182254
123.48,-13.871313287894145
123.5,-13.87233202647368
123.52,-13.87335152330915
123.54,-13.87426971811812
123.56,-13.875290653466372
123.58,-13.876107946078585
123.6,-13.877027978076896
123.62,-13.877846297457157
123.64,-13.878665099388103
123.66,-13.879381946600484
123.68,-13.880099162681928
123.7,-13.880816747359608
123.72,-13.881534700360458
123.74,-13.882150381594915
123.76,-13.882766333061104
123.78,-13.883382554586642
123.8,-13.883896278695476
123.82,-13.884512994881678
123.84,-13.885027130965884
123.86,-13.885438574551141
123.88,-13.885953047345994
123.9,-13.886364760170007
123.92,-13.886776592572334
123.94,-13.887188544501639
123.96,-13.887600615906567
123.98,-13.88790974783523
124.0,-13.88821894691834
124.02,-13.888528213134201
124.04,-13.888837546461112
124.06,-13.889146946877359
124.08,-13.889353251082651
124.1,-13.889559585089339
124.12,-13.889869141962894
124.14,-13.89007555044489
124.16,-13.89028198870573
124.18,-13.890385219001208
124.2,-13.890591701918241
124.22,-13.890694954538187
124.24,-13.890901482096904
124.26,-13.891004757034063
124.28,-13.891108039408682
124.3,-13.891211329219953
124.32,-13.89131462646707
124.34,-13.891417931149228
124.36,-13.891417931149228
124.38,-13.891521243265615
124.4,-13.891521243265615
124.42,-13.891624562815432
124.44,-13.891624562815432
124.46,-13.891727889797865
124.48,-13.891727889797865
124.5,-13.891727889797865
124.52,-13.891727889797865
124.54,-13.891727889797865
124.56,-13.891727889797865
124.58,-13.891727889797865
124.6,-13.891727889797865
124.62,-13.891727889797865
124.64,-13.891624562815432
124.66,-13.891624562815432
124.68,-13.891624562815432
124.7,-13.891624562815432
124.72,-13.891521243265615
124.74,-13.891521243265615
124.76,-13.891417931149228
124.78,-13.891417931149228
124.8,-13.89131462646707
124.82,-13.89131462646707
124.84,-13.891211329219953
124.86,-13.891211329219953
124.88,-13.891108039408682
124.9,-13.891108039408682
124.92,-13.891004757034063
124.94,-13.891004757034063
124.96,-13.890901482096904
124.98,-13.890901482096904
125.0,-13.890798214598009
125.02,-13.890694954538187
125.04,-13.890694954538187
125.06,-13.890591701918241
125.08,-13.890488456738979
125.1,-13.890488456738979
125.12,-13.890385219001208
125.14,-13.890385219001208
125.16,-13.89028198870573
125.18,-13.890178765853356
125.2,-13.890178765853356
125.22,-13.89007555044489
125.24,-13.89007555044489
125.26,-13.889972342481132
125.28,-13.889869141962894
125.3,-13.889869141962894
125.32,-13.889765948890979
125.34,-13.889765948890979
125.36,-13.889662763266191
125.38,-13.889662763266191
125.4,-13.889559585089339
125.42,-13.889559585089339
125.44,-13.889456414361224
125.46,-13.889456414361224
125.48,-13.889353251082651
125.5,-13.889353251082651
125.52,-13.889250095254429
125.54,-13.889250095254429
125.56,-13.889146946877359
125.58,-13.889146946877359
125.6,-13.889043805952246
125.62,-13.889043805952246
125.64,-13.888940672479896
125.66,-13.888940672479896
125.68,-13.888940672479896
125.7,-13.888837546461112
125.72,-13.888837546461112
125.74,-13.888734427896699
125.76,-13.888734427896699
125.78,-13.888734427896699
125.8,-13.88863131678746
125.82,-13.88863131678746
125.84,-13.88863131678746
125.86,-13.88863131678746
125.88,-13.888528213134201
125.9,-13.888528213134201
125.92,-13.888528213134201
125.94,-13.888425116937725
125.96,-13.888425116937725
125.98,-13.888425116937725
126.0,-16.904427747439406
126.02,-16.903562738620973
126.04,-16.901228345700844
126.06,-16.89760038177659
126.08,-16.892941877590648
126.1,-16.88742963416947
126.12,-16.881240230607435
126.14,-16.87446391153932
126.16,-16.867276200165655
126.18,-16.85959565358456
126.2,-16.85168209903756
126.22,-16.843538523914503
126.24,-16.83525253222151
126.26,-16.826826635451045
126.28,-16.818347273574812
126.3,-16.809816249177008
126.32,-16.80131856501912
126.34,-16.792855109521206
126.36,-16.78442676687312
126.38,-16.776034416923945
126.4,-16.767760669799387
126.42,-16.759605284864307
126.44,-16.751567978363965
126.46,-16.743648424988702
126.48,-16.73584625942195
126.5,-16.728240942012274
126.52,-16.720751400630633
126.54,-16.713456252704074
126.56,-16.70627510847524
126.58,-16.69928575103059
126.6,-16.692486448275048
126.62,-16.6857978580293
126.64,-16.67937374975879
126.66,-16.67305752968141
126.68,-16.666924972280224
126.7,-16.660974258254125
126.72,-16.655127816926655
126.74,-16.64953567621812
126.76,-16.644119912028373
126.78,-16.638804014824974
126.8,-16.633661564191247
126.82,-16.62876478551086
126.84,-16.62396351556497
126.86,-16.61933035245328
126.88,-16.614863558072123
126.9,-16.610561421390855
126.92,-16.606349795671573
126.94,-16.6023722524554
126.96,-16.598482524343453
126.98,-16.594751475993576
127.0,-16.591177545833247
127.02,-16.587688131088843
127.04,-16.5843533435638
127.06,-16.5811717253703
127.08,-16.57807152507567
127.1,-16.575122180590448
127.12,-16.5723223524008
127.14,-16.56960108322518
127.16,-16.56702721888991
127.18,-16.564530290404786
127.2,-16.56217878506447
127.22,-16.55990269595133
127.24,-16.557701485974224
127.26,-16.5556431532801
127.28,-16.553658325914824
127.3,-16.551814722595925
127.32,-16.5499753170561
127.34,-16.548275917959998
127.36,-16.546647900732246
127.38,-16.545090856848965
127.4,-16.543671898307938
127.42,-16.542255513957613
127.44,-16.540908975251714
127.46,-16.539699095724597
127.48,-16.538491119896214
127.5,-16.53741896483158
127.52,-16.536348319569214
127.54,-16.53534596319937
127.56,-16.534478331289463
127.58,-16.533611700888706
127.6,-16.53274607341224
127.62,-16.53201440379012
127.64,-16.531283454105058
127.66,-16.530619579848903
127.68,-16.530022602867614
127.7,-16.52942610938558
127.72,-16.528962504580342
127.74,-16.528433029291595
127.76,-16.527970052587456
127.78,-16.52757344897278
127.8,-16.52724311075576
127.82,-16.526912922437564
127.84,-16.526582884097838
127.86,-16.52631896146405
127.88,-16.52605513490817
127.9,-16.52585732806688
127.92,-16.52565957530949
127.94,-16.525527770192983
127.96,-16.525395989126483
127.98,-16.52526423211507
128.0,-16.525198362631613
128.02,-16.52513249916383
128.04,-16.525066641712364
128.06,-16.525066641712364
128.08,-16.525066641712364
128.1,-16.525066641712364
128.12,-16.525066641712364
128.14,-16.52513249916383
128.16,-16.52513249916383
128.18,-16.525198362631613
128.2,-16.52526423211507
128.22,-16.525395989126483
128.24,-16.525461876653164
128.26,-16.525593669745305
128.28,-16.5257254868849
128.3,-16.52585732806688
128.32,-16.525989193286144
128.34,-16.526121082537607
128.36,-16.526252995816186
128.38,-16.526384933116784
128.4,-16.526582884097838
128.42,-16.526714881431218
128.44,-16.526912922437564
128.46,-16.527044979771887
128.48,-16.52724311075576
128.5,-16.527441295703213
128.52,-16.52757344897278
128.54,-16.52777172382128
128.56,-16.527970052587456
128.58,-16.528168435254074
128.6,-16.52836687180391
128.62,-16.528499192763746
128.64,-16.52869771908064
128.66,-16.528896299234777
128.68,-16.52909493320891
128.7,-16.52929362098578
128.72,-16.52942610938558
128.74,-16.529624886795318
128.76,-16.529823717961754
128.78,-16.530022602867614
128.8,-16.530155222651555
128.82,-16.53035419708472
128.84,-16.530553225211207
128.86,-16.530685940449956
128.88,-16.530885058026897
128.9,-16.531017832883254
128.92,-16.531217039862575
128.94,-16.531349874304496
128.96,-16.531549170638108
128.98,-16.531682064633518
129.0,-16.531881450273303
129.02,-16.53201440379012
129.04,-16.532147381106512
129.06,-16.53228038221734
129.08,-16.532413407117467
129.1,-16.532612989061352
129.12,-16.53274607341224
129.14,-16.532879181534433
129.16,-16.53301231342279
129.18,-16.533145469072167
129.2,-16.533212055805627
129.22,-16.533345247086885
129.24,-16.533478462116292
129.26,-16.533611700888706
129.28,-16.533678329176933
129.3,-16.533811603554202
129.32,-16.533944901661602
129.34,-16.53401155961249
129.36,-16.534144893305427
129.38,-16.53421156904619
129.4,-16.534278250715612
129.42,-16.534411631837898
129.44,-16.534478331289463
129.46,-16.53454503666712
129.48,-16.534678465198127
129.5,-16.534745188350186
129.52,-16.53481191742576
129.54,-16.534878652424197
129.56,-16.53494539334486
129.58,-16.5350121401871
129.6,-16.53507889295027
129.62,-16.535145651633727
129.64,-16.535212416236828
129.66,-16.535279186758924
129.68,-16.53534596319937
129.7,-16.53534596319937
129.72,-16.535412745557522
129.74,-16.53547953383274
129.76,-16.53547953383274
129.78,-16.535546328024367
129.8,-16.535613128131764
129.82,-16.535613128131764
129.84,-16.535679934154285
129.86,-16.535679934154285
129.88,-16.535746746091284
129.9,-16.535746746091284
129.92,-16.535813563942117
129.94,-16.535813563942117
129.96,-16.535880387706133
129.98,-16.535880387706133
130.0,-16.53594721738269
130.02,-16.53594721738269
130.04,-16.53594721738269
130.06,-16.536014052971147
130.08,-16.536014052971147
130.1,-16.536014052971147
130.12,-16.536014052971147
130.14,-16.536080894470846
130.16,-16.536080894470846
130.18,-16.536080894470846
130.2,-16.536080894470846
130.22,-16.536080894470846
130.24,-16.536080894470846
130.26,-16.53614774188115
130.28,-16.53614774188115
130.3,-16.53614774188115
130.32,-16.53614774188115
130.34,-16.53614774188115
130.36,-16.53614774188115
130.38,-16.53614774188115
130.4,-16.53614774188115
130.42,-16.53614774188115
130.44,-16.53614774188115
130.46,-16.53614774188115
130.48,-16.53614774188115
130.5,-16.53614774188115
130.52,-16.53614774188115
130.54,-16.53614774188115
130.56,-16.53614774188115
130.58,-16.53614774188115
130.6,-16.53614774188115
130.62,-16.53614774188115
130.64,-16.53614774188115
130.66,-16.53614774188115
130.68,-16.53614774188115
130.7,-16.53614774188115
130.72,-16.53614774188115
130.74,-16.53614774188115
130.76,-16.53614774188115
130.78,-16.53614774188115
130.8,-16.53614774188115
130.82,-16.53614774188115
130.84,-16.53614774188115
130.86,-16.53614774188115
130.88,-16.53614774188115
130.9,-16.53614774188115
130.92,-16.53614774188115
130.94,-16.53614774188115
130.96,-16.53614774188115
130.98,-16.536080894470846
131.0,-16.536080894470846
131.02,-16.536080894470846
131.04,-16.536080894470846
131.06,-16.536080894470846
131.08,-16.536080894470846
131.1,-16.536080894470846
131.12,-16.536080894470846
131.14,-16.536080894470846
131.16,-16.536080894470846
131.18,-16.536080894470846
131.2,-16.536080894470846
131.22,-16.536080894470846
131.24,-16.536080894470846
131.26,-16.536014052971147
131.28,-16.536014052971147
131.3,-16.536014052971147
131.32,-16.536014052971147
131.34,-16.536014052971147
131.36,-16.536014052971147
131.38,-16.536014052971147
131.4,-16.536014052971147
131.42,-16.536014052971147
131.44,-16.536014052971147
131.46,-16.536014052971147
131.48,-16.536014052971147
131.5,-16.536014052971147
131.52,-16.536014052971147
131.54,-16.536014052971147
131.56,-16.536014052971147
131.58,-16.536014052971147
131.6,-16.53594721738269
131.62,-16.53594721738269
131.64,-16.53594721738269
131.66,-16.53594721738269
131.68,-16.53594721738269
131.7,-16.53594721738269
131.72,-16.53594721738269
131.74,-16.53594721738269
131.76,-16.53594721738269
131.78,-16.53594721738269
131.8,-16.53594721738269
131.82,-16.53594721738269
131.84,-16.53594721738269
131.86,-16.53594721738269
131.88,-16.53594721738269
131.9,-16.53594721738269
131.92,-16.53594721738269
131.94,-16.53594721738269
131.96,-16.53594721738269
131.98,-16.53594721738269
132.0,-32.319945223634704
132.02,-32.32678967838298
132.04,-32.34539441894213
132.06,-32.37394940722995
132.08,-32.41050048455763
132.1,-32.453394891414426
132.12,-32.5012951080121
132.14,-32.552985805447015
132.16,-32.607573025182575
132.18,-32.66409588839506
132.2,-32.72172797701952
132.22,-32.77995505067187
132.24,-32.83828733710338
132.26,-32.896092003572655
132.28,-32.953200999286224
132.3,-33.0092102940465
132.32,-33.06390861087905
132.34,-33.11702683359778
132.36,-33.168398640349544
132.38,-33.218021203297894
132.4,-33.2657546386033
132.42,-33.31141274551117
132.44,-33.355097887431114
132.46,-33.39678026452864
132.48,-33.43638119599664
132.5,-33.473899667482776
132.52,-33.509455752615246
132.54,-33.54300199942271
132.56,-33.57466234377953
132.58,-33.604405918124456
132.6,-33.63235918997458
132.62,-33.65855062443931
132.64,-33.68305900722253
132.66,-33.70596224337445
132.68,-33.72729828264757
132.7,-33.74714812687397
132.72,-33.76562623047815
132.74,-33.78277107947552
132.76,-33.79868980656446
132.78,-33.81338986481412
132.8,-33.82700416356592
132.82,-33.83956893994138
132.84,-33.851175769443344
132.86,-33.86185894122524
132.88,-33.87167889815139
132.9,-33.88071552823706
132.92,-33.88902036351358
132.94,-33.89662267714028
132.96,-33.903610081329006
132.98,-33.91000602828067
133.0,-33.91585264574691
133.02,-33.92118978333837
133.04,-33.92607017586377
133.06,-33.93052683406908
133.08,-33.93459091489766
133.1,-33.938291771068016
133.12,-33.94166912461937
133.14,-33.944746933936266
133.16,-33.94753688907715
133.18,-33.95007217744433
133.2,-33.952372553161254
133.22,-33.954474932753
133.24,-33.956367495060604
133.26,-33.9580927052736
133.28,-33.959655221090784
133.3,-33.96106799720948
133.32,-33.96235016457724
133.34,-33.9635051918287
133.36,-33.96455630439394
133.38,-33.96550530267823
133.4,-33.96636617619735
133.42,-33.96714027447993
133.44,-33.967839954088014
133.46,-33.9684710929368
133.48,-33.96904389303074
133.5,-33.96955825035623
133.52,-33.97002321675627
133.54,-33.970442591582916
133.56,-33.97081989986623
133.58,-33.97115840226609
133.6,-33.97146476692423
133.62,-33.97174134132173
133.64,-33.9719869064396
133.66,-33.97221037825385
133.68,-33.97241008027635
133.7,-33.972590767661984
133.72,-33.972750729158626
133.74,-33.972897154997185
133.76,-33.973025238672896
133.78,-33.973138901116045
133.8,-33.973241673904745
133.82,-33.97333153930405
133.84,-33.97341176240202
133.86,-33.973480307464314
133.88,-33.97354267725994
133.9,-33.973596691922054
133.92,-33.97364028091006
133.94,-33.97368094955595
133.96,-33.97371172281075
133.98,-33.97373987829881
134.0,-33.973760837247724
134.02,-33.9737770453209
134.04,-33.97378627043934
134.06,-33.973793171801475
134.08,-33.973795468927655
134.1,-33.973795468927655
134.12,-33.97378857255751
134.14,-33.97378166120966
134.16,-33.973770108998615
134.18,-33.97375386593692
134.2,-33.973735202408896
134.22,-33.973714078284885
134.24,-33.97369044834523
134.26,-33.97366426225424
134.28,-33.97363546453126
134.3,-33.973606425359094
134.32,-33.97357224071531
134.34,-33.97353772644955
134.36,-33.973500380498464
134.38,-33.973460126341934
134.4,-33.97341943943766
134.42,-33.97337831899614
134.44,-33.97333415261594
134.46,-33.9732868527359
134.48,-33.973241673904745
134.5,-33.97319329989386
134.52,-33.97314163732442
134.54,-33.97309212318601
134.56,-33.97303925464443
134.58,-33.97298859563415
134.6,-33.97293451611344
134.62,-33.972879812793465
134.64,-33.97282448435465
134.66,-33.972768529477726
134.68,-33.97271494054883
134.7,-33.97265776198103
134.72,-33.9725999530883
134.74,-33.9725446041388
134.76,-33.972485563988556
134.78,-33.972429046217464
134.8,-33.97237195811912
134.82,-33.9723142985737
134.84,-33.97225606646164
134.86,-33.97220054272183
134.88,-33.97214119408176
134.9,-33.97208461384551
134.92,-33.972027519012585
134.94,-33.97197331177413
134.96,-33.971918647079406
134.98,-33.97186352414335
135.0,-33.97180794218105
135.02,-33.9717554165045
135.04,-33.97170248605076
135.06,-33.971649150173526
135.08,-33.97159540822663
135.1,-33.97154488214118
135.12,-33.97149764736458
135.14,-33.97144643651387
135.16,-33.971398564977235
135.18,-33.971350386205934
135.2,-33.971305640437144
135.22,-33.97125686964921
135.24,-33.97121536114698
135.26,-33.97116982696505
135.28,-33.97112785585981
135.3,-33.97108566311665
135.32,-33.97104324848132
135.34,-33.971004496957
135.36,-33.97096556164971
135.38,-33.97093036258092
135.4,-33.97089107756006
135.42,-33.970855563438995
135.44,-33.97081989986623
135.46,-33.97078807333459
135.48,-33.9707561285101
135.5,-33.97072406529507
135.52,-33.97069188359188
135.54,-33.97066362732751
135.56,-33.970635280205485
135.58,-33.97060684216042
135.6,-33.970582394276335
135.62,-33.97055378720073
135.64,-33.97052919433669
135.66,-33.97050864912057
135.68,-33.97048393343027
135.7,-33.970463285801294
135.72,-33.970442591582916
135.74,-33.970421850751336
135.76,-33.97040106328273
135.78,-33.9703843997132
135.8,-33.970367706268554
135.82,-33.9703509829366
135.84,-33.970334229705166
135.86,-33.970317446562056
135.88,-33.97030483956786
135.9,-33.97028800405
135.92,-33.97027535776075
135.94,-33.9702626946222
135.96,-33.97025424316657
135.98,-33.97024155193443
136.0,-33.970233081744986
136.02,-33.97022036240498
136.04,-33.9702118734722
136.06,-33.970203377039425
136.08,-33.97019487310513
136.1,-33.97018636166779
136.12,-33.970182103135
136.14,-33.970173580440246
136.16,-33.9701693162779
136.18,-33.9701607823223
136.2,-33.970156512528675
136.22,-33.97015224085757
136.24,-33.97014796730881
136.26,-33.97014369188219
136.28,-33.97013941457754
136.3,-33.97013513539464
136.32,-33.97013513539464
136.34,-33.97013085433333
136.36,-33.97013085433333
136.38,-33.97012657139339
136.4,-33.97012657139339
136.42,-33.97012228657466
136.44,-33.97012228657466
136.46,-33.97012228657466
136.48,-33.97012228657466
136.5,-33.97012228657466
136.52,-33.97012228657466
136.54,-33.970117999876926
136.56,-33.97012228657466
136.58,-33.97012228657466
136.6,-33.97012228657466
136.62,-33.97012228657466
136.64,-33.97012228657466
136.66,-33.97012228657466
136.68,-33.97012228657466
136.7,-33.97012657139339
136.72,-33.97012657139339
136.74,-33.97012657139339
136.76,-33.97013085433333
136.78,-33.97013085433333
136.8,-33.97013085433333
136.82,-33.97013513539464
136.84,-33.97013513539464
136.86,-33.97013513539464
136.88,-33.97013941457754
136.9,-33.97013941457754
136.92,-33.97014369188219
136.94,-33.97014369188219
136.96,-33.97014796730881
136.98,-33.97014796730881
137.0,-33.97015224085757
137.02,-33.97015224085757
137.04,-33.97015224085757
137.06,-33.970156512528675
137.08,-33.970156512528675
137.1,-33.9701607823223
137.12,-33.9701607823223
137.14,-33.97016505023865
137.16,-33.97016505023865
137.18,-33.9701693162779
137.2,-33.9701693162779
137.22,-33.970173580440246
137.24,-33.970173580440246
137.26,-33.97017784272589
137.28,-33.97017784272589
137.3,-33.97017784272589
137.32,-33.970182103135
137.34,-33.970182103135
137.36,-33.97018636166779
137.38,-33.97018636166779
137.4,-33.97019061832443
137.42,-33.97019061832443
137.44,-33.97019061832443
137.46,-33.97019487310513
137.48,-33.97019487310513
137.5,-33.97019912601006
137.52,-33.97019912601006
137.54,-33.97019912601006
137.56,-33.970203377039425
137.58,-33.970203377039425
137.6,-33.970203377039425
137.62,-33.97020762619341
137.64,-33.97020762619341
137.66,-33.97020762619341
137.68,-33.9702118734722
137.7,-33.9702118734722
137.72,-33.9702118734722
137.74,-33.9702118734722
137.76,-33.970216118875996
137.78,-33.970216118875996
137.8,-33.970216118875996
137.82,-33.97022036240498
137.84,-33.97022036240498
137.86,-33.97022036240498
137.88,-33.97022036240498
137.9,-33.97022036240498
137.92,-33.97022460405935
137.94,-33.97022460405935
137.96,-33.97022460405935
137.98,-33.97022460405935
138.0,-42.938824642514895
138.02,-42.938892158621734
138.04,-42.939053260214536
138.06,-42.93922636318916
138.08,-42.93931681660908
138.1,-42.939232018941055
138.12,-42.93888584993189
138.14,-42.938198761658875
138.16,-42.93711363154652
138.18,-42.935569497241104
138.2,-42.93354113442207
138.22,-42.930992473674635
138.24,-42.927910883424936
138.26,-42.924288848819025
138.28,-42.92011760374178
138.3,-42.91542121431384
138.32,-42.91019559012793
138.34,-42.90446950779758
138.36,-42.89826511529635
138.38,-42.89161000088335
138.4,-42.884496408847944
138.42,-42.87699770882647
138.44,-42.86913390439348
138.46,-42.86090055324729
138.48,-42.85236384138909
138.5,-42.84354623583581
138.52,-42.83446964919146
138.54,-42.82518413286307
138.56,-42.815713729921484
138.58,-42.80605093946388
138.6,-42.79627895807935
138.62,-42.78638988489152
138.64,-42.77640487770308
138.66,-42.76637907143199
138.68,-42.75633489890768
138.7,-42.7462575142385
138.72,-42.736239653745656
138.74,-42.726227616841804
138.76,-42.716238194417144
138.78,-42.706366638156126
138.8,-42.696592515801115
138.82,-42.68689174706687
138.84,-42.67732006244349
138.86,-42.66789293152608
138.88,-42.6585823062257
138.9,-42.64944392881981
138.92,-42.640491291328914
138.94,-42.63169275920256
138.96,-42.62305902311961
138.98,-42.61464577162359
139.0,-42.60641820876329
139.02,-42.59838556786874
139.04,-42.59055664390784
139.06,-42.582987025463886
139.08,-42.575590617160636
139.1,-42.568373806786646
139.12,-42.561439362028565
139.14,-42.55469779116596
139.16,-42.54815455047685
139.18,-42.5418641304532
139.2,-42.53578275475854
139.22,-42.52991506885508
139.24,-42.52426547661715
139.26,-42.518838146739185
139.28,-42.51358640314224
139.3,-42.508564128434536
139.32,-42.50377486017859
139.34,-42.49917066520706
139.36,-42.494754089226134
139.38,-42.490527541963004
139.4,-42.486545106539644
139.42,-42.48270548037332
139.44,-42.479062316736076
139.46,-42.47561751098492
139.48,-42.4723204346429
139.5,-42.4692248901941
139.52,-42.466279791267674
139.54,-42.4634862512066
139.56,-42.460845317099384
139.58,-42.45835797086676
139.6,-42.456078195055085
139.62,-42.45390080159396
139.64,-42.451826322247435
139.66,-42.44996187803443
139.68,-42.448201612616245
139.7,-42.44654594763994
139.72,-42.44499527767756
139.74,-42.4436035275378
139.76,-42.442317583559365
139.78,-42.441137747977194
139.8,-42.440064297063245
139.82,-42.43909748132888
139.84,-42.43818376087755
139.86,-42.43737704005694
139.88,-42.43667750562149
139.9,-42.43608531914536
139.92,-42.43554675104757
139.94,-42.4350618633898
139.96,-42.43468461310245
139.98,-42.434361175359875
140.0,-42.434091587273635
140.02,-42.4338758797489
140.04,-42.433768013638
140.06,-42.433660139296386
140.08,-42.433660139296386
140.1,-42.433660139296386
140.12,-42.43371407749596
140.14,-42.43382194772237
140.16,-42.433983737627855
140.18,-42.4341455090087
140.2,-42.434415086799625
140.22,-42.43463071196185
140.24,-42.43495408789795
140.26,-42.43527738963583
140.28,-42.43560061714227
140.3,-42.4359776220352
140.32,-42.43635452579298
140.34,-42.436785149038116
140.36,-42.43721564004077
140.38,-42.437645998722246
140.4,-42.438129993975764
140.42,-42.43856007121345
140.44,-42.43904374964284
140.46,-42.439580973204414
140.48,-42.440064297063245
140.5,-42.440601126380194
140.52,-42.44108409516927
140.54,-42.44162052968698
140.56,-42.442156756192865
140.58,-42.44269277453334
140.6,-42.44322858455482
140.62,-42.44376418610372
140.64,-42.444299579026506
140.66,-42.444888270095134
140.68,-42.44542322440328
140.7,-42.44595796960935
140.72,-42.44649250555985
140.74,-42.44697340887493
140.76,-42.447507546816986
140.78,-42.44804147505839
140.8,-42.44857519344569
140.82,-42.44905536044218
140.84,-42.44958867968397
140.86,-42.45006848720029
140.88,-42.45054812426256
140.9,-42.45102759075898
140.92,-42.45150688657773
140.94,-42.451986011607026
140.96,-42.45246496573507
140.98,-42.452890559174755
141.0,-42.45336919018436
141.02,-42.45379449623042
141.04,-42.4542196669098
141.06,-42.454644702143995
141.08,-42.45506960185454
141.1,-42.455441277867834
141.12,-42.45586592326004
141.14,-42.45623737662411
141.16,-42.45660872600262
141.18,-42.45697997134302
141.2,-42.4572980987891
141.22,-42.45766915077645
141.24,-42.45798711241368
141.26,-42.458304997471366
141.28,-42.45862280591641
141.3,-42.45894053771575
141.32,-42.45925819283628
141.34,-42.45952284683879
141.36,-42.45984036129562
141.38,-42.46010489803206
141.4,-42.4603693814351
141.42,-42.46058092974465
141.44,-42.460845317099384
141.46,-42.461109651067154
141.48,-42.46132107978989
141.5,-42.46153247432293
141.52,-42.46174383465647
141.54,-42.46195516078072
141.56,-42.46216645268587
141.58,-42.46237771036214
141.6,-42.46253613115075
141.62,-42.46269453267597
141.64,-42.462905704737175
141.66,-42.46306406129842
141.68,-42.463222398582495
141.7,-42.46332794606031
141.72,-42.4634862512066
141.74,-42.46364453706472
141.76,-42.463750050252436
141.78,-42.463908303954405
141.8,-42.464013795700865
141.82,-42.46411927886869
141.84,-42.464224753456634
141.86,-42.4643302194635
141.88,-42.46443567688804
141.9,-42.46448840238156
141.92,-42.464593846930335
141.94,-42.46469928289373
141.96,-42.46475199765554
141.98,-42.46485742073858
142.0,-42.46491012905952
142.02,-42.464962835233194
142.04,-42.465015539259454
142.06,-42.46506824113815
142.08,-42.46512094086911
142.1,-42.465173638452214
142.12,-42.46522633388729
142.14,-42.46527902717418
142.16,-42.46533171831274
142.18,-42.465384407302814
142.2,-42.465384407302814
142.22,-42.46543709414426
142.24,-42.46543709414426
142.26,-42.4654897788369
142.28,-42.4654897788369
142.3,-42.4655424613806
142.32,-42.4655424613806
142.34,-42.4655424613806
142.36,-42.465595141775204
142.38,-42.465595141775204
142.4,-42.465595141775204
142.42,-42.465595141775204
142.44,-42.465647820020564
142.46,-42.465647820020564
142.48,-42.465647820020564
142.5,-42.465647820020564
142.52,-42.465647820020564
142.54,-42.465647820020564
142.56,-42.465647820020564
142.58,-42.465647820020564
142.6,-42.465647820020564
142.62,-42.465647820020564
142.64,-42.465647820020564
142.66,-42.465595141775204
142.68,-42.465595141775204
142.7,-42.465595141775204
142.72,-42.465595141775204
142.74,-42.465595141775204
142.76,-42.465595141775204
142.78,-42.465595141775204
142.8,-42.4655424613806
142.82,-42.4655424613806
142.84,-42.4655424613806
142.86,-42.4655424613806
142.88,-42.4655424613806
142.9,-42.4654897788369
142.92,-42.4654897788369
142.94,-42.4654897788369
142.96,-42.4654897788369
142.98,-42.46543709414426
143.0,-42.46543709414426
143.02,-42.46543709414426
143.04,-42.46543709414426
143.06,-42.465384407302814
143.08,-42.465384407302814
143.1,-42.465384407302814
143.12,-42.465384407302814
143.14,-42.46533171831274
143.16,-42.46533171831274
143.18,-42.46533171831274
143.2,-42.46533171831274
143.22,-42.46527902717418
143.24,-42.46527902717418
143.26,-42.46527902717418
143.28,-42.46527902717418
143.3,-42.46522633388729
143.32,-42.46522633388729
143.34,-42.46522633388729
143.36,-42.46522633388729
143.38,-42.465173638452214
143.4,-42.465173638452214
143.42,-42.465173638452214
143.44,-42.465173638452214
143.46,-42.465173638452214
143.48,-42.46512094086911
143.5,-42.46512094086911
143.52,-42.46512094086911
143.54,-42.46512094086911
143.56,-42.46512094086911
143.58,-42.46506824113815
143.6,-42.46506824113815
143.62,-42.46506824113815
143.64,-42.46506824113815
143.66,-42.46506824113815
143.68,-42.46506824113815
143.7,-42.465015539259454
143.72,-42.465015539259454
143.74,-42.465015539259454
143.76,-42.465015539259454
143.78,-42.465015539259454
143.8,-42.465015539259454
143.82,-42.465015539259454
143.84,-42.464962835233194
143.86,-42.464962835233194
143.88,-42.464962835233194
143.9,-42.464962835233194
143.92,-42.464962835233194
143.94,-42.464962835233194
143.96,-42.464962835233194
143.98,-42.464962835233194
144.0,-17.14780739270029
144.02,-17.1208121036305
144.04,-17.045524964366386
144.06,-16.929570575382556
144.08,-16.77968813394637
144.1,-16.601333399218174
144.12,-16.399371235280153
144.14,-16.177642675922876
144.16,-15.940080447682032
144.18,-15.68958969315416
144.2,-15.42915209114011
144.22,-15.161587807601485
144.24,-14.888657291732388
144.26,-14.613036265505354
144.28,-14.336098413143691
144.3,-14.059663595613408
144.32,-13.7855354467248
144.34,-13.514645844300857
144.36,-13.248535857476172
144.38,-12.988285071792498
144.4,-12.73473139469564
144.42,-12.488675084358158
144.44,-12.251059108099165
144.46,-12.022571151887847
144.48,-11.803661494441902
144.5,-11.594566377952699
144.52,-11.396159282648139
144.54,-11.208398118345075
144.56,-11.031542975670703
144.58,-10.865800038638275
144.6,-10.711455602340891
144.62,-10.568190734645901
144.64,-10.436202636395146
144.66,-10.315482362605778
144.68,-10.205747581218887
144.7,-10.10681399975495
144.72,-10.018641278070458
144.74,-9.94077358878489
144.76,-9.873073248050606
144.78,-9.815057999405717
144.8,-9.766442922299955
144.82,-9.726878558226236
144.84,-9.695852038269512
144.86,-9.672971113951492
144.88,-9.657753936162218
144.9,-9.649746709555295
144.92,-9.648447409861042
144.94,-9.653374578829737
144.96,-9.66400916379581
144.98,-9.679897064818496
145.0,-9.70049549483084
145.02,-9.725371666706327
145.04,-9.75399929406122
145.06,-9.785943618582445
145.08,-9.82080519416227
145.1,-9.858072233060868
145.12,-9.897456754784832
145.14,-9.938473722469306
145.16,-9.980811247743679
145.18,-10.024096890281816
145.2,-10.068077223966668
145.22,-10.112426464475982
145.24,-10.156948437002724
145.26,-10.201244542256005
145.28,-10.245282901187643
145.3,-10.288827461623574
145.32,-10.331656663490637
145.34,-10.37356359459552
145.36,-10.414630246269512
145.38,-10.454556583076439
145.4,-10.493185920712477
145.42,-10.530810434261015
145.44,-10.56687605847054
145.46,-10.601710755244147
145.48,-10.635069945446189
145.5,-10.667170801288698
145.52,-10.697630487595255
145.54,-10.72668803784968
145.56,-10.754284455031067
145.58,-10.780525976965746
145.6,-10.805207065900676
145.62,-10.828607950072758
145.64,-10.850532569449364
145.66,-10.871112082630606
145.68,-10.890319788807908
145.7,-10.908131789792725
145.72,-10.92469273623887
145.74,-10.940152046434427
145.76,-10.954329036904927
145.78,-10.967377604370396
145.8,-10.979287036847548
145.82,-10.99004786654917
145.84,-10.99982044940765
145.86,-11.008598450066389
145.88,-11.016376323183291
145.9,-11.023318707053392
145.92,-11.029422085738876
145.94,-11.03451362561501
145.96,-11.038930221696203
145.98,-11.042500114708368
146.0,-11.04539174633529
146.02,-11.047604025980739
146.04,-11.049136126002782
146.06,-11.050157762516827
146.08,-11.050498349991829
146.1,-11.050328053633088
146.12,-11.04947665050924
146.14,-11.048284906708616
146.16,-11.046753043626492
146.18,-11.0445411073933
146.2,-11.042160023629306
146.22,-11.039270110063585
146.24,-11.036042036162081
146.26,-11.03247642469749
146.28,-11.0287435828738
146.3,-11.024674400047873
146.32,-11.020269686121432
146.34,-11.015699516603146
146.36,-11.010964372732309
146.38,-11.006064759643998
146.4,-11.001001207005382
146.42,-10.995774269669994
146.44,-10.990384528349418
146.46,-10.984832590301886
146.48,-10.979287036847548
146.5,-10.97358017363322
146.52,-10.967880209153318
146.54,-10.962019869337203
146.56,-10.956166971507765
146.58,-10.950321581991165
146.6,-10.944317084100586
146.62,-10.938487128456273
146.64,-10.932498644451648
146.66,-10.926684392529534
146.68,-10.920712198900395
146.7,-10.91491391846599
146.72,-10.909123609192537
146.74,-10.903341335387454
146.76,-10.897567161105242
146.78,-10.891965779449976
146.8,-10.886372159565141
146.82,-10.880786359480995
146.84,-10.875372380563597
146.86,-10.869965875322242
146.88,-10.864566896199559
146.9,-10.859338759369015
146.92,-10.854280842063757
146.94,-10.84922969987316
146.96,-10.844185375615174
146.98,-10.83931030325538
147.0,-10.834441694526744
147.02,-10.8299035252037
147.04,-10.825209282585908
147.06,-10.820682739455984
147.08,-10.816323311471548
147.1,-10.81213042984844
147.12,-10.807942563197082
147.14,-10.803759735991507
147.16,-10.799903158703245
147.18,-10.79589049948341
147.2,-10.79220302482684
147.22,-10.788519565385345
147.24,-10.785000028885028
147.26,-10.7814841958578
147.28,-10.77813164154692
147.3,-10.77478248749467
147.32,-10.771595989693388
147.34,-10.768571693860352
147.36,-10.765550210746003
147.38,-10.762690355977831
147.4,-10.759991714646745
147.42,-10.757295345992349
147.44,-10.754601256576853
147.46,-10.752067730946127
147.48,-10.749694394422187
147.5,-10.747322846755308
147.52,-10.745111020155784
147.54,-10.74290075936974
147.56,-10.740849779560506
147.58,-10.738800155880236
147.6,-10.736909401722317
147.62,-10.735019807810836
147.64,-10.733288701236447
147.66,-10.731558573234631
147.68,-10.729986580234002
147.7,-10.728415398711913
147.72,-10.726845029970757
147.74,-10.725432394106393
147.76,-10.724020418594987
147.78,-10.722765884386458
147.8,-10.72151187334897
147.82,-10.720258386145213
147.84,-10.719162015069694
147.86,-10.7180660460042
147.88,-10.717126964250712
147.9,-10.716188178455136
147.92,-10.715249688895689
147.94,-10.714311495850358
147.96,-10.71352989501681
147.98,-10.712748500449342
148.0,-10.712123533414804
148.02,-10.711342510530661
148.04,-10.710717841050599
148.06,-10.710093303950282
148.08,-10.70962498804857
148.1,-10.70900068281004
148.12,-10.708532540898739
148.14,-10.708064473612323
148.16,-10.707596480985307
148.18,-10.707284527395116
148.2,-10.706972607012434
148.22,-10.706660719847479
148.24,-10.706348865910464
148.26,-10.706037045211602
148.28,-10.7057252577611
148.3,-10.705569376507173
148.32,-10.705257638948343
148.34,-10.705101782645992
148.36,-10.704945934663382
148.38,-10.704790095001787
148.4,-10.704790095001787
148.42,-10.704634263662484
148.44,-10.704634263662484
148.46,-10.704478440646746
148.48,-10.704478440646746
148.5,-10.704478440646746
148.52,-10.704322625955847
148.54,-10.704322625955847
148.56,-10.704322625955847
148.58,-10.704478440646746
148.6,-10.704478440646746
148.62,-10.704478440646746
148.64,-10.704478440646746
148.66,-10.704634263662484
148.68,-10.704634263662484
148.7,-10.704790095001787
148.72,-10.704790095001787
148.74,-10.704945934663382
148.76,-10.704945934663382
148.78,-10.705101782645992
148.8,-10.705257638948343
148.82,-10.705257638948343
148.84,-10.705413503569162
148.86,-10.705569376507173
148.88,-10.7057252577611
148.9,-10.7057252577611
148.92,-10.705881147329668
148.94,-10.706037045211602
148.96,-10.706192951405626
148.98,-10.706348865910464
149.0,-10.70650478872484
149.02,-10.706660719847479
149.04,-10.706660719847479
149.06,-10.7068166592771
149.08,-10.706972607012434
149.1,-10.707128563052196
149.12,-10.707284527395116
149.14,-10.707440500039912
149.16,-10.707596480985307
149.18,-10.707752470230027
149.2,-10.707752470230027
149.22,-10.707908467772791
149.24,-10.708064473612323
149.26,-10.708220487747344
149.28,-10.708376510176574
149.3,-10.708532540898739
149.32,-10.708688579912558
149.34,-10.708688579912558
149.36,-10.70884462721675
149.38,-10.70900068281004
149.4,-10.709156746691146
149.42,-10.70931281885879
149.44,-10.70931281885879
149.46,-10.709468899311691
149.48,-10.70962498804857
149.5,-10.70962498804857
149.52,-10.70978108506815
149.54,-10.709937190369148
149.56,-10.710093303950282
149.58,-10.710093303950282
149.6,-10.710249425810277
149.62,-10.710249425810277
149.64,-10.710405555947847
149.66,-10.710561694361715
149.68,-10.710561694361715
149.7,-10.710717841050599
149.72,-10.710717841050599
149.74,-10.710873996013216
149.76,-10.710873996013216
149.78,-10.711030159248287
149.8,-10.711030159248287
149.82,-10.711186330754531
149.84,-10.711186330754531
149.86,-10.711342510530661
149.88,-10.711342510530661
149.9,-10.711498698575403
149.92,-10.711498698575403
149.94,-10.711498698575403
149.96,-10.71165489488747
149.98,-10.71165489488747
150.0,25.216665819714095
150.02,25.236002449731163
150.04,25.289093631428248
150.06,25.370110875926997
150.08,25.473442105958913
150.1,25.594506659588383
150.12,25.729359778738058
150.14,25.874405458389393
150.16,26.026965152947177
150.18,26.18441296422419
150.2,26.344918333914702
150.22,26.506785212613384
150.24,26.668851388527223
150.26,26.83005218983886
150.28,26.989589974014645
150.3,27.146851915354752
150.32,27.301364080297503
150.34,27.452774262992527
150.36,27.60080240284551
150.38,27.745255301964335
150.4,27.8859827114872
150.42,28.02287743471712
150.44,28.155893320660095
150.46,28.284899465282503
150.48,28.409846907581215
150.5,28.530843435223627
150.52,28.647686431876817
150.54,28.760538045953282
150.56,28.8692595044175
150.58,28.97392387531805
150.6,29.074527320734006
150.62,29.17106457641757
150.64,29.26359603657696
150.66,29.352052767941792
150.68,29.436562305659535
150.7,29.517186917225786
150.72,29.593873438387337
150.74,29.666813757028503
150.76,29.735968742792416
150.78,29.80153372278481
150.8,29.86348620705751
150.82,29.921975197190708
150.84,29.97709936845413
150.86,30.028962622481576
150.88,30.077720175625032
150.9,30.12348038306451
150.92,30.166355270317712
150.94,30.20645982014715
150.96,30.24395176667536
150.98,30.27898455741591
151.0,30.311593614079076
151.02,30.34200745769322
151.04,30.37029756140601
151.06,30.396607247512545
151.08,30.42107319072281
151.1,30.44376237605679
151.12,30.464834992199485
151.14,30.484351803951736
151.16,30.502459542550824
151.18,30.519266387256522
151.2,30.534794719101395
151.22,30.54919805172936
151.24,30.562517696882157
151.26,30.57484261867078
151.28,30.586278316832093
151.3,30.59683216486978
151.32,30.606600637174154
151.34,30.615650878307143
151.36,30.624024485976147
151.38,30.631760531233425
151.4,30.638914871140734
151.42,30.64553892738949
151.44,30.651661738878918
151.46,30.657328266922985
151.48,30.66256245336054
151.5,30.6674036498115
151.52,30.671871406852432
151.54,30.67600025707616
151.56,30.67982212047627
151.58,30.683334924355353
151.6,30.686567739527863
151.62,30.68954754047958
151.64,30.69229943781689
151.66,30.694817126008854
151.68,30.697138450316583
151.7,30.69925554449471
151.72,30.701189341594016
151.74,30.702959564374723
151.76,30.704570814736066
151.78,30.706027274807198
151.8,30.7073465506839
151.82,30.70853172155853
151.84,30.70958554905615
151.86,30.710537607854516
151.88,30.711376136387738
151.9,30.71210286707236
151.92,30.712746045838795
151.94,30.71329334448412
151.96,30.713745750112807
151.98,30.71411733339505
152.0,30.714421897529423
152.02,30.714646625243923
152.04,30.71481825536023
152.06,30.714910592493645
152.08,30.71495014861336
152.1,30.714923778995843
152.12,30.7148446430452
152.14,30.714725862876257
152.16,30.714554129895635
152.18,30.714329267528214
152.2,30.714077563444164
152.22,30.71377232128812
152.24,30.713439854882264
152.26,30.71306664832957
152.28,30.712665792511384
152.3,30.712237079974493
152.32,30.711780288679652
152.34,30.71129518185776
152.36,30.710781507857728
152.38,30.710252585201072
152.4,30.709708274334606
152.42,30.709134752459942
152.44,30.708545451834702
152.46,30.707940216370314
152.48,30.70733271875104
152.5,30.706709067863297
152.52,30.706069098485326
152.54,30.705412640965196
152.56,30.704767622312477
152.58,30.704091884919656
152.6,30.703427571061383
152.62,30.702760623131542
152.64,30.702076758181065
152.66,30.701404462867504
152.68,30.70071512097075
152.7,30.70003744740535
152.72,30.699357101670095
152.74,30.69867407628468
152.76,30.698002981450365
152.78,30.697329305672834
152.8,30.696653042009043
152.82,30.695988968971623
152.84,30.695322406262612
152.86,30.69466824258448
152.88,30.694026634849934
152.9,30.693382736648974
152.92,30.692736542421258
152.94,30.692118260334837
152.96,30.691497881010523
152.98,30.690890607192195
153.0,30.690281328229034
153.02,30.689700651935567
153.04,30.689118158256463
153.06,30.688549243505978
153.08,30.687978598747236
153.1,30.68743720427187
153.12,30.686894255769328
153.14,30.686365329269965
153.16,30.68585055187378
153.18,30.685350047321666
153.2,30.684848234484043
153.22,30.684360853629506
153.24,30.683903801544293
153.26,30.68344566981264
153.28,30.682986456814245
153.3,30.682557940275156
153.32,30.6821284837641
153.34,30.681714043441538
153.36,30.681314718926668
153.38,30.680930606219075
153.4,30.68056179767326
153.42,30.680192302690482
153.44,30.679838229656166
153.46,30.679499663663027
153.48,30.679160523525724
153.5,30.678836998583694
153.52,30.678529166551954
153.54,30.67823710138054
153.56,30.677944612751812
153.58,30.677667984329585
153.6,30.677407282538194
153.62,30.67714624532217
153.64,30.67690121806447
153.66,30.67665589555222
153.68,30.676426661298166
153.7,30.676213570298742
153.72,30.67600025707616
153.74,30.67580315520223
153.76,30.67560586374871
153.78,30.675424846615236
153.8,30.675243670005063
153.82,30.675078825535746
153.84,30.674930352712995
153.86,30.67478177297877
153.88,30.674633086286843
153.9,30.674500830509473
153.92,30.67436849015341
153.94,30.67423606518626
153.96,30.674120123907027
153.98,30.67402069407165
154.0,30.673921216594774
154.02,30.673821691462763
154.04,30.673722118662
154.06,30.67363910490457
154.08,30.673556058026506
154.1,30.673489596671907
154.12,30.673423114111035
154.14,30.67335661033986
154.16,30.67329008535436
154.18,30.673240177690907
154.2,30.67319025809044
154.22,30.673140326551252
154.24,30.67309038307165
154.26,30.673057080784183
154.28,30.673023773188607
154.3,30.67299046028442
154.32,30.672957142071127
154.34,30.672923818548217
154.36,30.6729071547955
154.38,30.672890489715193
154.4,30.672873823307228
154.42,30.67285715557155
154.44,30.67284048650809
154.46,30.67284048650809
154.48,30.67282381611679
154.5,30.67282381611679
154.52,30.67282381611679
154.54,30.67282381611679
154.56,30.67282381611679
154.58,30.67282381611679
154.6,30.67282381611679
154.62,30.67284048650809
154.64,30.67284048650809
154.66,30.67285715557155
154.68,30.67285715557155
154.7,30.672873823307228
154.72,30.672873823307228
154.74,30.672890489715193
154.76,30.6729071547955
154.78,30.672923818548217
154.8,30.672940480973406
154.82,30.672957142071127
154.84,30.672973801841444
154.86,30.67299046028442
154.88,30.67300711740012
154.9,30.673023773188607
154.92,30.673040427649937
154.94,30.673057080784183
154.96,30.673073732591398
154.98,30.67309038307165
155.0,30.673123680051514
155.02,30.673140326551252
155.04,30.673156971724275
155.06,30.67317361557065
155.08,30.67319025809044
155.1,30.673223539150506
155.12,30.673240177690907
155.14,30.673256814904978
155.16,30.673273450792774
155.18,30.67329008535436
155.2,30.673306718589796
155.22,30.673339981082485
155.24,30.67335661033986
155.26,30.673373238271342
155.28,30.673389864876984
155.3,30.673406490156864
155.32,30.673423114111035
155.34,30.67343973673956
155.36,30.673456358042507
155.38,30.673472978019934
155.4,30.673506213998486
155.42,30.673522829999737
155.44,30.673539444675722
155.46,30.673556058026506
155.48,30.673572670052145
155.5,30.673572670052145
155.52,30.67358928075271
155.54,30.67360589012826
155.56,30.673622498178858
155.58,30.67363910490457
155.6,30.673655710305454
155.62,30.673672314381577
155.64,30.673688917133
155.66,30.673688917133
155.68,30.673705518559785
155.7,30.673722118662
155.72,30.6737387174397
155.74,30.6737387174397
155.76,30.673755314892954
155.78,30.673771911021827
155.8,30.673771911021827
155.82,30.673788505826376
155.84,30.673805099306666
155.86,30.673805099306666
155.88,30.673821691462763
155.9,30.673821691462763
155.92,30.673838282294728
155.94,30.673838282294728
155.96,30.67385487180262
155.98,30.67385487180262
156.0,-25.52497685814271
156.02,-25.596368413428813
156.04,-25.794949504504935
156.06,-26.102522075011834
156.08,-26.504224317762514
156.1,-26.98865414103698
156.12,-27.54608528205027
156.14,-28.169359055117642
156.16,-28.85223158664504
156.18,-29.5905972028924
156.2,-30.38092855474478
156.22,-31.22051281751159
156.24,-32.1064719889195
156.26,-33.03511113222836
156.28,-34.00121820380323
156.3,-34.99720388317869
156.32,-36.01289926681459
156.34,-37.035953769055595
156.36,-38.052269879882324
156.38,-39.04848601338516
156.4,-40.01239537926754
156.42,-40.93511094128584
156.44,-41.81143925751828
156.46,-42.63968082843186
156.48,-43.42114281809869
156.5,-44.159104292680134
156.52,-44.85764311751258
156.54,-45.52074933052477
156.56,-46.15088480851992
156.58,-46.74919598992593
156.6,-47.314600345270165
156.62,-47.84521213734083
156.64,-48.33804844812841
156.66,-48.79042022861834
156.68,-49.20053515890387
156.7,-49.567397113300395
156.72,-49.8916441591239
156.74,-50.17465613026107
156.76,-50.41872196030478
156.78,-50.62668697003812
156.8,-50.80135007821863
156.82,-50.94581026728522
156.84,-51.06300995681734
156.86,-51.15558317502056
156.88,-51.22607322522973
156.9,-51.27665522737751
156.92,-51.309363805727244
156.94,-51.32596283598301
156.96,-51.328048734935024
156.98,-51.317060386076925
157.0,-51.2943090742346
157.02,-51.26099108404953
157.04,-51.218209790649176
157.06,-51.167031909048426
157.08,-51.10835583776777
157.1,-51.04318212769002
157.12,-50.972347876639404
157.14,-50.89675291698871
157.16,-50.81714697933112
157.18,-50.73429482758689
157.2,-50.649003001253476
157.22,-50.56180784620472
157.24,-50.47351856739224
157.26,-50.384659330988896
157.28,-50.29578695514038
157.3,-50.20741054877247
157.32,-50.11988702553565
157.34,-50.033724934515845
157.36,-49.94928793721665
157.38,-49.86689228248887
157.4,-49.7866939278516
157.42,-49.70891348026309
157.44,-49.633850877291124
157.46,-49.56153526827899
157.48,-49.4920766882166
157.5,-49.425678075020116
157.52,-49.3622697818182
157.54,-49.30200401188931
157.56,-49.24463345853263
157.58,-49.19039549704302
157.6,-49.139259678221485
157.62,-49.091050344575656
157.64,-49.04570599107418
157.66,-49.00328467114956
157.68,-48.963705439982995
157.7,-48.92687869426179
157.72,-48.892707448477374
157.74,-48.86108844637833
157.76,-48.83191312350635
157.78,-48.80520146020133
157.8,-48.78083733058327
157.82,-48.758701277145455
157.84,-48.7386710622658
157.86,-48.720755904981345
157.88,-48.70469582527197
157.9,-48.690630732869536
157.92,-48.678297687262045
157.94,-48.66783473727778
157.96,-48.6588425472154
157.98,-48.65145765474735
158.0,-48.64554766744528
158.02,-48.64111398260355
158.04,-48.637888847727815
158.06,-48.63600727309626
158.08,-48.63533523841913
158.1,-48.635738461983465
158.12,-48.63721687753387
158.14,-48.6396358620703
158.16,-48.642995064086605
158.18,-48.64729399031499
158.2,-48.65239771084922
158.22,-48.65817131340467
158.24,-48.664748359823484
158.26,-48.67185966426967
158.28,-48.67963865157297
158.3,-48.687950370362095
158.32,-48.69679399934755
158.34,-48.706034754072945
158.36,-48.71580570118465
158.38,-48.72597206937254
158.4,-48.73639935220891
158.42,-48.747086898366284
158.44,-48.75816747549881
158.46,-48.76937335640101
158.48,-48.78083733058327
158.5,-48.79242545805527
158.52,-48.80427026822311
158.54,-48.81623798017228
158.56,-48.82819524709872
158.58,-48.8402745453946
158.6,-48.85234274707161
158.62,-48.864532071143856
158.64,-48.876577319338466
158.66,-48.888743006009165
158.68,-48.90076444620311
158.7,-48.912905630519305
158.72,-48.924770641507685
158.74,-48.9367549724076
158.76,-48.94846353734996
158.78,-48.960159665409115
158.8,-48.9717119533808
158.82,-48.98312063324942
158.84,-48.99451686478251
158.86,-49.00563891330679
158.88,-49.01661809619972
158.9,-49.02732418543883
158.92,-49.038018573815044
158.94,-49.04844069823385
158.96,-49.058721330054205
158.98,-49.06886075585751
159.0,-49.07872948658383
159.02,-49.088328237663546
159.04,-49.09778722872878
159.06,-49.10710676236427
159.08,-49.11615791070811
159.1,-49.12507048640502
159.12,-49.133715830932566
159.14,-49.14209464830258
159.16,-49.15033634712658
159.18,-49.15844123747794
159.2,-49.1662811699247
159.22,-49.17385682514292
159.24,-49.18116887146982
159.26,-49.18834607082034
159.28,-49.1953887239563
159.3,-49.202169253202996
159.32,-49.20868828899985
159.34,-49.21507410930423
159.36,-49.22119944233549
159.38,-49.227192336538636
159.4,-49.233053068833506
159.42,-49.238654653923014
159.44,-49.24399764742492
159.46,-49.24920966266395
159.48,-49.25429095332062
159.5,-49.259114867750746
159.52,-49.263808721812445
159.54,-49.26824601226454
159.56,-49.27255386598035
159.58,-49.276732503621496
159.6,-49.2807821408941
159.62,-49.284576543930115
159.64,-49.28836887622444
159.66,-49.29190651153783
159.68,-49.29531608258487
159.7,-49.29847158219407
159.72,-49.30162562487664
159.74,-49.304652131192725
159.76,-49.307425242407945
159.78,-49.310197215949124
159.8,-49.31271620220218
159.82,-49.31523424362572
159.84,-49.317499671267576
159.86,-49.319764330227926
159.88,-49.321902467553365
159.9,-49.323914203259726
159.92,-49.3257996506644
159.94,-49.3275589163204
159.96,-49.32919209995466
159.98,-49.33082487834749
160.0,-49.33233169820248
160.02,-49.33371264555374
160.04,-49.335093301574084
160.06,-49.336348190297805
160.08,-49.337477383810004
160.1,-49.33860638163717
160.12,-49.3396097708221
160.14,-49.34061300509556
160.16,-49.341490707899524
160.18,-49.34224293003385
160.2,-49.34299506482483
160.22,-49.34374711221373
160.24,-49.3443737515633
160.26,-49.34487501928974
160.28,-49.345376248105566
160.3,-49.34587743799341
160.32,-49.34625330485233
160.34,-49.34662914979714
160.36,-49.3470049728205
160.38,-49.34725550932054
160.4,-49.34750603607228
160.42,-49.34775655307355
160.44,-49.347881807917084
160.46,-49.34800706032218
160.48,-49.34813231028858
160.5,-49.34825755781599
160.52,-49.34825755781599
160.54,-49.34825755781599
160.56,-49.34825755781599
160.58,-49.34825755781599
160.6,-49.34813231028858
160.62,-49.34800706032218
160.64,-49.34800706032218
160.66,-49.347881807917084
160.68,-49.34775655307355
160.7,-49.34750603607228
160.72,-49.347380773915084
160.74,-49.34725550932054
160.76,-49.3470049728205
160.78,-49.346754426574336
160.8,-49.34662914979714
160.82,-49.34637858893586
160.84,-49.34612801833389
160.86,-49.34587743799341
160.88,-49.34562684791657
160.9,-49.345376248105566
160.92,-49.345125638562564
160.94,-49.34487501928974
160.96,-49.34449907214183
160.98,-49.34424842855395
161.0,-49.34399777524386
161.02,-49.34374711221373
161.04,-49.343371099448206
161.06,-49.34312041212748
161.08,-49.34286971509433
161.1,-49.34249365133856
161.12,-49.34224293003385
161.14,-49.34199219902432
161.16,-49.34174145831216
161.18,-49.34136532905622
161.2,-49.34111456409696
161.22,-49.340863789442686
161.24,-49.34048760928786
161.26,-49.34023681040554
161.28,-49.33998600183582
161.3,-49.33973518358086
161.32,-49.33948435564285
161.34,-49.33923351802395
161.36,-49.33898267072637
161.38,-49.33873181375225
161.4,-49.33848094710378
161.42,-49.33823007078315
161.44,-49.33797918479252
161.46,-49.337728289134084
161.48,-49.337477383810004
161.5,-49.337226468822465
161.52,-49.336975544173654
161.54,-49.33672460986573
161.56,-49.33659913909029
161.58,-49.336348190297805
161.6,-49.33609723185165
161.62,-49.33597174900914
161.64,-49.335720776086596
161.66,-49.33559528600711
161.68,-49.335344298613066
161.7,-49.33521880129906
161.72,-49.33496779943842
161.74,-49.33484229489233
161.76,-49.33471678793611
161.78,-49.33446576679431
161.8,-49.33434025260928
161.82,-49.33421473601519
161.84,-49.33408921701232
161.86,-49.33396369560094
161.88,-49.33383817178132
161.9,-49.33371264555374
161.92,-49.33346158587576
161.94,-49.333336052425906
161.96,-49.333336052425906
161.98,-49.33321051656918
162.0,-29.680422254619117
162.02,-29.67491999509094
162.04,-29.659605296282752
162.06,-29.636115416099102
162.08,-29.605658035755123
162.1,-29.569636548205697
162.12,-29.528839734712093
162.14,-29.48431440681973
162.16,-29.43674233596506
162.18,-29.38681239900051
162.2,-29.33503437707391
162.22,-29.28204360300632
162.24,-29.22829243549709
162.26,-29.174053779931704
162.28,-29.119837596230404
162.3,-29.06591066180118
162.32,-29.012535951034877
162.34,-28.960025867645008
162.36,-28.908514730375156
162.38,-28.858240703706613
162.4,-28.809374864823077
162.42,-28.762076057074296
162.44,-28.716439107584467
162.46,-28.67259702714514
162.48,-28.63057176918321
162.5,-28.590424434605485
162.52,-28.55224723104166
162.54,-28.516028175589103
162.56,-28.481748081074134
162.58,-28.449458712791476
162.6,-28.41911715571195
162.62,-28.39067401071761
162.64,-28.36407392388479
162.66,-28.339288577138113
162.68,-28.316216877476503
162.7,-28.29484780827696
162.72,-28.275071611083042
162.74,-28.256834734832807
162.76,-28.2400267180593
162.78,-28.224565447151363
162.8,-28.21036864263457
162.82,-28.19737526585002
162.84,-28.185481516256377
162.86,-28.17460866318104
162.88,-28.164680212882836
162.9,-28.15562236248466
162.92,-28.147364389598557
162.94,-28.139824543807855
162.96,-28.13295524067519
162.98,-28.12667077696887
163.0,-28.120943643379047
163.02,-28.115698500371362
163.04,-28.110901581077776
163.06,-28.10648917537564
163.08,-28.10244487686674
163.1,-28.09872335775249
163.12,-28.095275179342746
163.14,-28.092092018347827
163.16,-28.089140145445306
163.18,-28.08638973351118
163.2,-28.08382241347399
163.22,-28.081421994672375
163.24,-28.079174335721564
163.26,-28.077067208864467
163.28,-28.075075169712935
163.3,-28.07319730216583
163.32,-28.071418991117678
163.34,-28.069741667262434
163.36,-28.06814586673538
163.38,-28.06663505408833
163.4,-28.065198942418057
163.42,-28.063835233800987
163.44,-28.06253496889783
163.46,-28.061304226017803
163.48,-28.06013498189509
163.5,-28.059026841018476
163.52,-28.05797233231838
163.54,-28.05697895840134
163.56,-28.056032170424906
163.58,-28.055139808743345
163.6,-28.054302458171904
163.62,-28.05350558513988
163.64,-28.052765001016898
163.66,-28.052066123948492
163.68,-28.051409545058263
163.7,-28.050795880528824
163.72,-28.050233588838665
163.74,-28.049707676503186
163.76,-28.049218642897777
163.78,-28.04877492003783
163.8,-28.048369107252782
163.82,-28.04799364744897
163.84,-28.047656907824518
163.86,-28.0473592828629
163.88,-28.047084972775266
163.9,-28.0468503754612
163.92,-28.046639550061137
163.94,-28.04646078861769
163.96,-28.04630612777309
163.98,-28.04618384507845
164.0,-28.04608590257198
164.02,-28.046004204425486
164.04,-28.045955150766247
164.06,-28.045922433800612
164.08,-28.0459060709531
164.1,-28.045914252740822
164.12,-28.045938793737566
164.14,-28.045979680861247
164.16,-28.046036892365496
164.18,-28.046110397925343
164.2,-28.04619200227693
164.22,-28.046289832719648
164.24,-28.0464038381796
164.26,-28.046525832311087
164.28,-28.04665578419567
164.3,-28.046793661208007
164.32,-28.04694752071109
164.34,-28.047101130530237
164.36,-28.047270621673366
164.38,-28.04743981284183
164.4,-28.04761674187491
164.42,-28.047793347632208
164.44,-28.04797763857609
164.46,-28.04816957276814
164.48,-28.04836113359579
164.5,-28.048552325010903
164.52,-28.048751094174264
164.54,-28.048949471254524
164.56,-28.04914746071878
164.58,-28.049352963380482
164.6,-28.04955017595987
164.62,-28.04975488032845
164.64,-28.049959185164862
164.66,-28.050155260023125
164.68,-28.05035879575683
164.7,-28.050554140387984
164.72,-28.050756926351664
164.74,-28.05095155934409
164.76,-28.051145850282733
164.78,-28.051339803633514
164.8,-28.051525685392818
164.82,-28.051718990024874
164.84,-28.051904257247664
164.86,-28.052089229480295
164.88,-28.05226622138185
164.9,-28.052442949466634
164.92,-28.052619417210046
164.94,-28.052795628087104
164.96,-28.05296394046886
164.98,-28.053124388811984
165.0,-28.05329225683703
165.02,-28.053452286564095
165.04,-28.053604509464705
165.06,-28.053756552868716
165.08,-28.05390841905898
165.1,-28.054052529874472
165.12,-28.054196484771268
165.14,-28.054332721042314
165.16,-28.054468820794455
165.18,-28.054597235594983
165.2,-28.05472553150818
165.22,-28.054853709934633
165.24,-28.054974242384276
165.26,-28.05509467317043
165.28,-28.0552074857393
165.3,-28.05532021094292
165.32,-28.05542534315826
165.34,-28.055530400887882
165.36,-28.05563538491327
165.38,-28.05573280476732
165.4,-28.055830162369542
165.42,-28.055919976213232
165.44,-28.05600973803874
165.46,-28.056091974435628
165.48,-28.05617416791482
165.5,-28.056256318855038
165.52,-28.056330964932634
165.54,-28.05640557645149
165.56,-28.05648015369605
165.58,-28.056547244146703
165.6,-28.056614307272863
165.62,-28.056673896169062
165.64,-28.05674090824786
165.66,-28.056793010265952
165.68,-28.056852535757745
165.7,-28.05690460345973
165.72,-28.05695665530073
165.74,-28.057008691378226
165.76,-28.057053281257787
165.78,-28.057097859688987
165.8,-28.057142426733193
165.82,-28.057179557282574
165.84,-28.05721668000245
165.86,-28.05725379492833
165.88,-28.05729090209572
165.9,-28.05732800154012
165.92,-28.05735767555895
165.94,-28.057387344675963
165.96,-28.05741700890934
165.98,-28.05743925389042
166.0,-28.057461496142334
166.02,-28.057491148246122
166.04,-28.057513384159822
166.06,-28.057528206599816
166.08,-28.057550438011766
166.1,-28.057565257457693
166.12,-28.05758748438919
166.14,-28.057602300855244
166.16,-28.057617116133322
166.18,-28.057631930225696
166.2,-28.057639336827958
166.22,-28.057654149146032
166.24,-28.05766155486242
166.26,-28.057668960284083
166.28,-28.05768377024438
166.3,-28.057691174783578
166.32,-28.05769857902919
166.34,-28.05769857902919
166.36,-28.057705982981496
166.38,-28.057713386640785
166.4,-28.057713386640785
166.42,-28.057720790007338
166.44,-28.057720790007338
166.46,-28.057720790007338
166.48,-28.057728193081434
166.5,-28.057728193081434
166.52,-28.057728193081434
166.54,-28.057728193081434
166.56,-28.057728193081434
166.58,-28.057728193081434
166.6,-28.057728193081434
166.62,-28.057728193081434
166.64,-28.057720790007338
166.66,-28.057720790007338
166.68,-28.057720790007338
166.7,-28.057713386640785
166.72,-28.057713386640785
166.74,-28.057713386640785
166.76,-28.057705982981496
166.78,-28.057705982981496
166.8,-28.05769857902919
166.82,-28.05769857902919
166.84,-28.057691174783578
166.86,-28.057691174783578
166.88,-28.05768377024438
166.9,-28.05767636541131
166.92,-28.05767636541131
166.94,-28.057668960284083
166.96,-28.057668960284083
166.98,-28.05766155486242
167.0,-28.057654149146032
167.02,-28.057654149146032
167.04,-28.05764674313464
167.06,-28.05764674313464
167.08,-28.057639336827958
167.1,-28.057631930225696
167.12,-28.057631930225696
167.14,-28.057624523327583
167.16,-28.057617116133322
167.18,-28.057617116133322
167.2,-28.05760970864264
167.22,-28.057602300855244
167.24,-28.057602300855244
167.26,-28.057594892770858
167.28,-28.057594892770858
167.3,-28.05758748438919
167.32,-28.057580075709964
167.34,-28.057580075709964
167.36,-28.057572666732895
167.38,-28.057572666732895
167.4,-28.057565257457693
167.42,-28.05755784788408
167.44,-28.05755784788408
167.46,-28.057550438011766
167.48,-28.057550438011766
167.5,-28.057543027840477
167.52,-28.057543027840477
167.54,-28.05753561736992
167.56,-28.05753561736992
167.58,-28.057528206599816
167.6,-28.057528206599816
167.62,-28.057528206599816
167.64,-28.057520795529875
167.66,-28.057520795529875
167.68,-28.057513384159822
167.7,-28.057513384159822
167.72,-28.05750597248937
167.74,-28.05750597248937
167.76,-28.05750597248937
167.78,-28.05749856051823
167.8,-28.05749856051823
167.82,-28.05749856051823
167.84,-28.057491148246122
167.86,-28.057491148246122
167.88,-28.057491148246122
167.9,-28.057483735672765
167.92,-28.057483735672765
167.94,-28.057483735672765
167.96,-28.057483735672765
167.98,-28.05747632279787
168.0,26.592489887530526
168.02,26.62759593665789
168.04,26.724663747250013
168.06,26.87247540120982
168.08,27.06194112124364
168.1,27.284863306269163
168.12,27.53450541277544
168.14,27.805827104636176
168.16,28.09457515783703
168.18,28.398224139046746
168.2,28.71483512399975
168.22,29.04330619040895
168.24,29.383248636230025
168.26,29.73487337007655
168.28,30.09814466941096
168.3,30.473792618003337
168.32,30.862249985276836
168.34,31.263677202580826
168.36,31.67858818781818
168.38,32.10683743789806
168.4,32.548177583331
168.42,33.00197496479743
168.44,33.467206680406505
168.46,33.942436121955105
168.48,34.42580667828197
168.5,34.91512888153785
168.52,35.40777823027631
168.54,35.90092279850826
168.56,36.39168475680711
168.58,36.876932100899104
168.6,37.35352160577749
168.62,37.81860479775482
168.64,38.269539987562176
168.66,38.70397599591548
168.68,39.1200940361527
168.7,39.516102190027674
168.72,39.89131030731796
168.74,40.24471380021366
168.76,40.575866918879385
168.78,40.88526694576051
168.8,41.17275303861391
168.82,41.43915204040971
168.84,41.68503383872467
168.86,41.91137859133674
168.88,42.11923984307113
168.9,42.309603388495354
168.92,42.48339192719684
168.94,42.64195213843456
168.96,42.78619509188361
168.98,42.91720838976245
169.0,43.03603081685368
169.02,43.1436468498304
169.04,43.24084409243336
169.06,43.32864843524237
169.08,43.40780736325007
169.1,43.47908414311297
169.12,43.54313208411178
169.14,43.60066383176339
169.16,43.65223324339511
169.18,43.6984014628655
169.2,43.73972329179333
169.22,43.77662394197435
169.24,43.80953445384796
169.26,43.838848270250544
169.28,43.864924038258216
169.3,43.88811634360533
169.32,43.90866393194072
169.34,43.9268666254717
169.36,43.94296898742341
169.38,43.957192589453136
169.4,43.96971861678851
169.42,43.98075043678846
169.44,43.990451339112475
169.46,43.998968529402546
169.48,44.006406176784814
169.5,44.01292921301365
169.52,44.018604855080675
169.54,44.023545588897335
169.56,44.02784964387311
169.58,44.03157402471592
169.6,44.03479984235287
169.62,44.037589295445805
169.64,44.03999013154867
169.66,44.042053043972416
169.68,44.04381643587306
169.7,44.045332963811
169.72,44.04662498459238
169.74,44.047724145048726
169.76,44.04865807120145
169.78,44.0494465298356
169.8,44.05011530573474
169.82,44.05067869694453
169.84,44.05114955573594
169.86,44.051545762166356
169.88,44.05187318727658
169.9,44.052145905876095
169.92,44.05237025087398
169.94,44.052554272423365
169.96,44.05269984282724
169.98,44.05281795960691
170.0,44.05290649837159
170.02,44.05297451080413
170.04,44.053021130183
170.06,44.053047404325234
170.08,44.053058273469134
170.1,44.05305175751699
170.12,44.053029917756454
170.14,44.05299459025144
170.16,44.05294524298586
170.18,44.05288114354008
170.2,44.0528037354217
170.22,44.05270965190679
170.24,44.052605175126466
170.26,44.05248175873352
170.28,44.05234592854223
170.3,44.052194006960775
170.32,44.052027672558715
170.34,44.05184593441515
170.36,44.05164458863923
170.38,44.051432006873334
170.4,44.05120097199196
170.42,44.050953835917184
170.44,44.05068976583637
170.46,44.05040790171604
170.48,44.05011133181842
170.5,44.04979958910024
170.52,44.049472198266436
170.54,44.04912867568791
170.56,44.04876852931821
170.58,44.04839599385773
170.6,44.048006141871646
170.62,44.04760351355612
170.64,44.04718807089325
170.66,44.04675977586854
170.68,44.04631859047116
170.7,44.04587016201016
170.72,44.04540324216121
170.74,44.04493532524921
170.76,44.044448843736674
170.78,44.04396224142158
170.8,44.04346347753699
170.82,44.04295914624641
170.84,44.042449678599105
170.86,44.041935502127835
170.88,44.041417040766994
170.9,44.040894714771824
170.92,44.04036894063865
170.94,44.03984013102625
170.96,44.03930869467831
170.98,44.03878284021783
171.0,44.038247500248225
171.02,44.037718813192015
171.04,44.037197573703615
171.06,44.03666787396482
171.08,44.03614664189203
171.1,44.035634631346376
171.12,44.035123856925075
171.14,44.034614672292605
171.16,44.03410742633069
171.18,44.033611537856224
171.2,44.03311849979793
171.22,44.03263793790807
171.24,44.03216109510594
171.26,44.03169779180301
171.28,44.03123903223046
171.3,44.03078511255886
171.32,44.0303363235844
171.34,44.02990285009141
171.36,44.029485246035534
171.38,44.02906389188096
171.4,44.02865911090062
171.42,44.028261165535554
171.44,44.02788062656466
171.46,44.02750756425233
171.48,44.027142206226856
171.5,44.02678477423563
171.52,44.02643548410776
171.54,44.02610523334339
171.56,44.02578366936853
171.58,44.02547098378145
171.6,44.02516736209803
171.62,44.024872983720726
171.64,44.024588021908706
171.66,44.02431264374901
171.68,44.024058103059325
171.7,44.023802418396826
171.72,44.023556779214715
171.74,44.02332132764007
171.76,44.02309619950004
171.78,44.02288152429943
171.8,44.022677425199376
171.82,44.02248401899711
171.84,44.02230141610677
171.86,44.02211825677558
171.88,44.02194603928269
171.9,44.02178486127388
171.92,44.021634813957256
171.94,44.021484398606965
171.96,44.02134522687628
171.98,44.02121737708753
172.0,44.021089263486246
172.02,44.020972567568265
172.04,44.0208673547037
172.06,44.020761965064914
172.08,44.020668136941126
172.1,44.020574169066684
172.12,44.020491832508775
172.14,44.020421173115146
172.16,44.02033863773306
172.18,44.02027961832241
172.2,44.02020872289266
172.22,44.02016141554636
172.24,44.02010223216322
172.26,44.02005484609096
172.28,44.020007425022
172.3,44.01997183625098
172.32,44.01993622778985
172.34,44.01991247787587
172.36,44.01987683659364
172.38,44.019853064797154
172.4,44.01984117561619
172.42,44.019817390688495
172.44,44.019805494941615
172.46,44.01979359700595
172.48,44.01978169688144
172.5,44.01978169688144
172.52,44.019769794568
172.54,44.019769794568
172.56,44.019769794568
172.58,44.01978169688144
172.6,44.01978169688144
172.62,44.01979359700595
172.64,44.01979359700595
172.66,44.019805494941615
172.68,44.019817390688495
172.7,44.01982928424667
172.72,44.019853064797154
172.74,44.01986495178961
172.76,44.01987683659364
172.78,44.0199005996367
172.8,44.01991247787587
172.82,44.01993622778985
172.84,44.019959968951824
172.86,44.01997183625098
172.88,44.019995564286
172.9,44.02001928357043
172.92,44.020042994104834
172.94,44.02006669588978
172.96,44.02009038892584
172.98,44.02011407321358
173.0,44.02013774875356
173.02,44.02016141554636
173.04,44.020185073592536
173.06,44.02020872289266
173.08,44.020232363447306
173.1,44.02025599525704
173.12,44.02027961832241
173.14,44.02030323264401
173.16,44.020326838222395
173.18,44.020350435058134
173.2,44.020374023151795
173.22,44.02039760250394
173.24,44.020421173115146
173.26,44.02044473498598
173.28,44.020468288116994
173.3,44.020491832508775
173.32,44.02050360142763
173.34,44.020527132711614
173.36,44.02055065525778
173.38,44.020574169066684
173.4,44.020597674138905
173.42,44.02060942339894
173.44,44.020632915367194
173.46,44.02065639860018
173.48,44.020668136941126
173.5,44.02069160707228
173.52,44.020715068469585
173.54,44.02072679589322
173.56,44.020750244190815
173.58,44.020761965064914
173.6,44.020785400264074
173.62,44.02079711458928
173.64,44.02080882673166
173.66,44.02083224446824
173.68,44.02084395006258
173.7,44.02085565347437
173.72,44.02087905375063
173.74,44.02089075061524
173.76,44.02090244529758
173.78,44.020914137797746
173.8,44.02092582811579
173.82,44.0209375162518
173.84,44.020949202205834
173.86,44.02096088597796
173.88,44.020972567568265
173.9,44.02098424697681
173.92,44.02099592420367
173.94,44.021007599248904
173.96,44.021019272112596
173.98,44.02103094279481
174.0,-6.7733713425863105
174.02,-6.830656890800053
174.04,-6.990596090605556
174.06,-7.238523064179457
174.08,-7.56405478271619
174.1,-7.95856790259647
174.12,-8.416315759346945
174.14,-8.932583521214807
174.16,-9.504551819544853
174.18,-10.129766746193022
174.2,-10.80564689260178
174.22,-11.527987161346783
174.24,-12.290085156864812
174.26,-13.081684190781099
174.28,-13.888229175252388
174.3,-14.693671320142977
174.32,-15.481438826845311
174.34,-16.238655308970795
174.36,-16.956776832660076
174.38,-17.632794915598872
174.4,-18.267773670676224
174.42,-18.86605458556195
174.44,-19.43197245691968
174.46,-19.97039300743317
174.48,-20.48506401745079
174.5,-20.978994259482775
174.52,-21.45380058170211
174.54,-21.910629558303924
174.56,-22.350027254814602
174.58,-22.772156616834238
174.6,-23.17720588150115
174.62,-23.56500432171275
174.64,-23.93558158854312
174.66,-24.288936757764542
174.68,-24.625151219028282
174.7,-24.944389739068352
174.72,-25.246839384351592
174.74,-25.532746037361623
174.76,-25.802417529997648
174.78,-26.05613979419126
174.8,-26.294298199318117
174.82,-26.51724866264397
174.84,-26.725347263309892
174.86,-26.91906947067647
174.88,-27.098792829251533
174.9,-27.26482473285576
174.92,-27.417878002921285
174.94,-27.55830211814331
174.96,-27.686660779481688
174.98,-27.803535568608694
175.0,-27.90945602906714
175.02,-28.005052934680187
175.04,-28.090970885676594
175.06,-28.167807910819572
175.08,-28.23628799510517
175.1,-28.297068360533327
175.12,-28.35075488343434
175.14,-28.397954702478458
175.16,-28.43937724297878
175.18,-28.47557773278236
175.2,-28.50712353138815
175.22,-28.534519308207027
175.24,-28.558315740921618
175.26,-28.57891416147524
175.28,-28.596754084338745
175.3,-28.612189029426318
175.32,-28.625573021666092
175.34,-28.637200011637088
175.36,-28.647314421098525
175.38,-28.656157568174173
175.4,-28.66391194382417
175.42,-28.670757844495544
175.44,-28.676826732585045
175.46,-28.682240330709256
175.48,-28.687100631983515
175.5,-28.69150147683916
175.52,-28.695494885876325
175.54,-28.69915633366765
175.56,-28.702516027808077
175.58,-28.705621090882417
175.6,-28.7084947213606
175.62,-28.71116242288542
175.64,-28.713652791952878
175.66,-28.715974556019695
175.68,-28.71813342077932
175.7,-28.72014877052605
175.72,-28.722022138725954
175.74,-28.72376178189367
175.76,-28.72537507934921
175.78,-28.72686052429796
175.8,-28.72822443328512
175.82,-28.72947301401635
175.84,-28.730612514975487
175.86,-28.73163212926612
175.88,-28.732555425726645
175.9,-28.733371859667464
175.92,-28.734079523302267
175.94,-28.734703075460683
175.96,-28.735223613259063
175.98,-28.73565759880369
176.0,-28.736004120933952
176.02,-28.736271352160877
176.04,-28.736458767275117
176.06,-28.736565993180044
176.08,-28.736610698999385
176.1,-28.73658387350282
176.12,-28.73650343307406
176.14,-28.73636056100572
176.16,-28.73615547935146
176.18,-28.735906283854018
176.2,-28.735604375082676
176.22,-28.73526782735189
176.24,-28.73487928475033
176.26,-28.734465586064047
176.28,-28.734009456253787
176.3,-28.73352878210746
176.32,-28.733015130933303
176.34,-28.73247752074141
176.36,-28.731924831214272
176.38,-28.731340049908194
176.4,-28.730749176469327
176.42,-28.730135222931068
176.44,-28.72950690159505
176.46,-28.728872770762422
176.48,-28.728232836153005
176.5,-28.727578726894727
176.52,-28.726918868705862
176.54,-28.726253241450557
176.56,-28.725581816552996
176.58,-28.724912801577194
176.6,-28.724246067013496
176.62,-28.723573290974283
176.64,-28.722910750728982
176.66,-28.722241952656578
176.68,-28.721574952107506
176.7,-28.72091771651622
176.72,-28.720261968634734
176.74,-28.71961564665471
176.76,-28.718970517535066
176.78,-28.718334497034085
176.8,-28.7176993892991
176.82,-28.717081119327542
176.84,-28.71646348158012
176.86,-28.71585437135319
176.88,-28.715253658701684
176.9,-28.714661222347235
176.92,-28.71408495256756
176.94,-28.713508738328912
176.96,-28.71294849166969
176.98,-28.712396124147734
177.0,-28.711851557702154
177.02,-28.71131472128268
177.04,-28.710793571291404
177.06,-28.710280042809764
177.08,-28.70978212216038
177.1,-28.709291748678318
177.12,-28.708808887843084
177.14,-28.70834157258545
177.16,-28.707881737585073
177.18,-28.70742936539423
177.2,-28.706992538299666
177.22,-28.706563176492928
177.24,-28.70614939634279
177.26,-28.705743104237115
177.28,-28.705344305158594
177.3,-28.704961165854186
177.32,-28.704585565843914
177.34,-28.704225705151966
177.36,-28.703873442612316
177.38,-28.703528797812382
177.4,-28.703191792247463
177.42,-28.702870689579402
177.44,-28.70256555562993
177.46,-28.702259922928917
177.48,-28.70197033963787
177.5,-28.701688580335745
177.52,-28.70141467408075
177.54,-28.701148650550948
177.56,-28.700898872295554
177.58,-28.70064871774617
177.6,-28.70041489428208
177.62,-28.700189099735454
177.64,-28.699971364235367
177.66,-28.69976171771757
177.68,-28.699560189820446
177.7,-28.69936680978489
177.72,-28.699181606358117
177.74,-28.6990046077014
177.76,-28.698835841301772
177.78,-28.69867533388767
177.8,-28.698523111348543
177.82,-28.698370728731277
177.84,-28.698235141861762
177.86,-28.698099426170423
177.88,-28.69797207473378
177.9,-28.69785310956686
177.92,-28.697734043398338
177.94,-28.697623390873165
177.96,-28.697521171707297
177.98,-28.697427404301845
178.0,-28.697333572915362
178.02,-28.697248215832744
178.04,-28.69717134877303
178.06,-28.697094438228934
178.08,-28.697026036636785
178.1,-28.696957600393684
178.12,-28.696897690147992
178.14,-28.696837753174755
178.16,-28.696786357283315
178.18,-28.696734941629284
178.2,-28.696692080112534
178.22,-28.69664920479771
178.24,-28.69660631565113
178.26,-28.69657199435239
178.28,-28.696546247544486
178.3,-28.696511910675003
178.32,-28.696486152169243
178.34,-28.696468977040585
178.36,-28.696443210154975
178.38,-28.69642602943301
178.4,-28.69641743823175
178.42,-28.696400254147342
178.44,-28.69639166126365
178.46,-28.696383067818605
178.48,-28.696374473811943
178.5,-28.696374473811943
178.52,-28.69636587924339
178.54,-28.69636587924339
178.56,-28.69636587924339
178.58,-28.696374473811943
178.6,-28.696374473811943
178.62,-28.696383067818605
178.64,-28.696383067818605
178.66,-28.69639166126365
178.68,-28.696400254147342
178.7,-28.696408846469954
178.72,-28.69641743823175
178.74,-28.696434620073994
178.76,-28.696443210154975
178.78,-28.696460388638
178.8,-28.696468977040585
178.82,-28.696486152169243
178.84,-28.696503325064352
178.86,-28.696511910675003
178.88,-28.696529080223826
178.9,-28.696546247544486
178.92,-28.69656341263914
178.94,-28.69658057550994
178.96,-28.696597736159042
178.98,-28.696614894588603
179.0,-28.696632050800773
179.02,-28.69664920479771
179.04,-28.696666356581563
179.06,-28.696683506154493
179.08,-28.696700653518654
179.1,-28.6967177986762
179.12,-28.696734941629284
179.14,-28.696752082380062
179.16,-28.696769220930687
179.18,-28.696786357283315
179.2,-28.6968034914401
179.22,-28.696820623403195
179.24,-28.696837753174755
179.26,-28.696854880756938
179.28,-28.696872006151896
179.3,-28.69688912936178
179.32,-28.696906250388746
179.34,-28.696923369234952
179.36,-28.696940485902545
179.38,-28.696949043420037
179.4,-28.69696615682376
179.42,-28.696983268054257
179.44,-28.697000377113685
179.46,-28.697008930829924
179.48,-28.697026036636785
179.5,-28.697043140277966
179.52,-28.697051691287097
179.54,-28.697068791683787
179.56,-28.697077341071886
179.58,-28.697094438228934
179.6,-28.697102985998423
179.62,-28.69712007992068
179.64,-28.697128626073983
179.66,-28.69714571676629
179.68,-28.697154261305826
179.7,-28.697162805307986
179.72,-28.69717134877303
179.74,-28.697188434092855
179.76,-28.697196975948174
179.78,-28.697205517267456
179.8,-28.69721405805097
179.82,-28.69722259829899
179.84,-28.697231138011777
179.86,-28.697239677189607
179.88,-28.697248215832744
179.9,-28.69725675394146
179.92,-28.697265291516025
179.94,-28.697273828556707
179.96,-28.697282365063774
179.98,-28.697290901037498
