0.0,0.6072128099970582
0.02,0.6089537689308987
0.04,0.6137794039675933
0.06,0.6211940047949763
0.08,0.6307788574452008
0.1,0.6421803235009859
0.12,0.6550941773849127
0.14,0.6692657171115118
0.16,0.6844793564774105
0.18,0.7005438538724968
0.2,0.7173017795174338
0.22,0.7346138619284787
0.24,0.7523622132232776
0.26,0.7704472769577136
0.28,0.7887720815421121
0.3,0.807267657396309
0.32,0.8258646119489431
0.34,0.8445058704051976
0.36,0.8631371989629056
0.38,0.8817136229037064
0.4,0.9001963018442031
0.42,0.9185557873340259
0.44,0.9367560482201872
0.46,0.9547769314756744
0.48,0.9725659955460144
0.5,0.9901543391071252
0.52,1.0074764183248253
0.54,1.024563326718947
0.56,1.041349258596453
0.58,1.0578653128893556
0.6,1.0740454429013788
0.62,1.0899532489681274
0.64,1.1055225810213025
0.66,1.120784693474275
0.68,1.1357058266362496
0.7,1.1503173719263071
0.72,1.1645528902952296
0.74,1.1784765056224047
0.76,1.1920217061424077
0.78,1.2052528167696845
0.8,1.218136056912339
0.82,1.2306703797679281
0.84,1.2428876273476512
0.86,1.2547211319085148
0.88,1.2662356823284246
0.9,1.2773974997581121
0.92,1.2882386579985126
0.94,1.2987253822014686
0.96,1.3088898543438838
0.98,1.3187313429807026
1.0,1.3282491421098708
1.02,1.3374425710165418
1.04,1.3463440755962142
1.06,1.3549199637842717
1.08,1.363169627429404
1.1,1.3711588017343315
1.12,1.3788206801052252
1.14,1.3862211119636159
1.16,1.3932932590797134
1.18,1.4001363054946623
1.2,1.406683431761608
1.22,1.4129342265717448
1.24,1.4189548378609598
1.26,1.4247449720866274
1.28,1.4302377555383623
1.3,1.4354994615851058
1.32,1.4405631547029116
1.34,1.4453619633882568
1.36,1.4499289638193082
1.38,1.4542972866374315
1.4,1.4584333909352405
1.42,1.4623704471193752
1.44,1.466108293004025
1.46,1.4696467748111073
1.48,1.4730191407011497
1.5,1.4761918744190465
1.52,1.47916484589024
1.54,1.482004761184179
1.56,1.4846447026501173
1.58,1.487151413519515
1.6,1.4894913944866748
1.62,1.4916980018438823
1.64,1.493737734960354
1.66,1.495643969367882
1.68,1.4974166532771904
1.7,1.4990557385581447
1.72,1.5005946367421468
1.74,1.5019998572615474
1.76,1.5033048241486364
1.78,1.5044760460370823
1.8,1.505546958386555
1.82,1.5065175394482866
1.84,1.5074212409238803
1.86,1.5081911040755853
1.88,1.5088940574525442
1.9,1.5095300915475656
1.92,1.5100657203212435
1.94,1.510534411332771
1.96,1.5109026789231748
1.98,1.5112374755578604
2.0,1.5115053182935188
2.02,1.5117062035113986
2.04,1.5118401284976177
2.06,1.5119070914430066
2.08,1.511940573028769
2.1,1.511940573028769
2.12,1.5118736099326227
2.14,1.5117731658537472
2.16,1.5116057605632374
2.18,1.511438357157292
2.2,1.5112039955551415
2.22,1.510936158247388
2.24,1.5106683257646716
2.26,1.5103335419468205
2.28,1.5099987656688638
2.3,1.5096305204722031
2.32,1.5092622843999057
2.34,1.5088271080788884
2.36,1.5084254181722065
2.38,1.5079567936748595
2.4,1.5075216555937347
2.42,1.5070530596097664
2.44,1.5065510088925378
2.46,1.506048975150985
2.48,1.505546958386555
2.5,1.505044958600694
2.52,1.5045095108782287
2.54,1.5039740824770031
2.56,1.5034721359000243
2.58,1.5029367449386928
2.6,1.5023679132183052
2.62,1.5018325621195783
2.64,1.5012972303508587
2.66,1.500761917913899
2.68,1.500226624810451
2.7,1.4996913510422658
2.72,1.499156096611094
2.74,1.498620861518687
2.76,1.4980856457667937
2.78,1.497583898566065
2.8,1.4970487202913967
2.82,1.4965470082286427
2.84,1.4960453131703453
2.86,1.4955436351179419
2.88,1.4950419740728744
2.9,1.494573772443143
2.92,1.4940721442830038
2.94,1.493603973348383
2.96,1.4931358172338873
2.98,1.4927011141129385
3.0,1.4922329865834147
3.02,1.4917983100076728
3.04,1.4913636462143955
3.06,1.490962429443717
3.08,1.4905277902347311
3.1,1.4901265961588404
3.12,1.4897254129775817
3.14,1.489357671299354
3.16,1.4889899387768275
3.18,1.4886222154105675
3.2,1.4882545012011406
3.22,1.4879202235026951
3.24,1.4875859533727724
3.26,1.4872516908117983
3.28,1.4869174358201973
3.3,1.4866166127999205
3.32,1.4863157959114903
3.34,1.4860149851552156
3.36,1.4857476029645367
3.38,1.4854468037920665
3.4,1.4851794318985942
3.42,1.4849454854671011
3.44,1.4846781226602135
3.46,1.4844441841798168
3.48,1.48421024941016
3.5,1.4839763183513894
3.52,1.4837758089689723
3.54,1.4835418848022321
3.56,1.4833413813274858
3.58,1.4831742971814692
3.6,1.4829737987058562
3.62,1.4828067187259129
3.64,1.482639640639724
3.66,1.4824725644473418
3.68,1.482305490148821
3.7,1.4821384177442125
3.72,1.482004761184179
3.74,1.4818711058363114
3.76,1.4817374517006359
3.78,1.4816037987771806
3.8,1.4815035598801245
3.82,1.481369909078119
3.84,1.4812696717721818
3.86,1.4811694351481712
3.88,1.4810691992060991
3.9,1.4809689639459767
3.92,1.4808687293678158
3.94,1.480801906694582
3.96,1.4807350843244498
3.98,1.4806348513375767
4.0,1.4805680297252155
4.02,1.4805012084159688
4.04,1.4804343874098396
4.06,1.480400977020445
4.08,1.480334156468999
4.1,1.4802673362206786
4.12,1.4802339262101911
4.14,1.4802005162754872
4.16,1.4801336966334298
4.18,1.4801002869260766
4.2,1.480066877294508
4.22,1.4800334677387244
4.24,1.4800000582587258
4.26,1.4800000582587258
4.28,1.4799666488545131
4.3,1.4799332395260867
4.32,1.4799332395260867
4.34,1.4798998302734472
4.36,1.4798998302734472
4.38,1.4798664210965946
4.4,1.4798664210965946
4.42,1.4798664210965946
4.44,1.4798330119955292
4.46,1.4798330119955292
4.48,1.4798330119955292
4.5,1.4798330119955292
4.52,1.4798330119955292
4.54,1.4798330119955292
4.56,1.4798330119955292
4.58,1.4798330119955292
4.6,1.4798330119955292
4.62,1.4798330119955292
4.64,1.4798330119955292
4.66,1.4798330119955292
4.68,1.4798664210965946
4.7,1.4798664210965946
4.72,1.4798664210965946
4.74,1.4798664210965946
4.76,1.4798998302734472
4.78,1.4798998302734472
4.8,1.4798998302734472
4.82,1.4799332395260867
4.84,1.4799332395260867
4.86,1.4799332395260867
4.88,1.4799666488545131
4.9,1.4799666488545131
4.92,1.4799666488545131
4.94,1.4800000582587258
4.96,1.4800000582587258
4.98,1.4800334677387244
5.0,1.4800334677387244
5.02,1.4800334677387244
5.04,1.480066877294508
5.06,1.480066877294508
5.08,1.4801002869260766
5.1,1.4801002869260766
5.12,1.4801002869260766
5.14,1.4801336966334298
5.16,1.4801336966334298
5.18,1.480167106416567
5.2,1.480167106416567
5.22,1.480167106416567
5.24,1.4802005162754872
5.26,1.4802005162754872
5.28,1.4802005162754872
5.3,1.4802339262101911
5.32,1.4802339262101911
5.34,1.4802673362206786
5.36,1.4802673362206786
5.38,1.4802673362206786
5.4,1.4803007463069475
5.42,1.4803007463069475
5.44,1.4803007463069475
5.46,1.480334156468999
5.48,1.480334156468999
5.5,1.480334156468999
5.52,1.4803675667068315
5.54,1.4803675667068315
5.56,1.4803675667068315
5.58,1.480400977020445
5.6,1.480400977020445
5.62,1.480400977020445
5.64,1.480400977020445
5.66,1.4804343874098396
5.68,1.4804343874098396
5.7,1.4804343874098396
5.72,1.4804343874098396
5.74,1.480467797875014
5.76,1.480467797875014
5.78,1.480467797875014
5.8,1.480467797875014
5.82,1.4805012084159688
5.84,1.4805012084159688
5.86,1.4805012084159688
5.88,1.4805012084159688
5.9,1.4805012084159688
5.92,1.4805346190327024
5.94,1.4805346190327024
5.96,1.4805346190327024
5.98,1.4805346190327024
6.0,-5.63866240964863
6.02,-5.641593158078914
6.04,-5.6497102847905305
6.06,-5.662137981950568
6.08,-5.67812189427418
6.1,-5.697022925325876
6.12,-5.718270024437173
6.14,-5.741400547777393
6.16,-5.76601000362042
6.18,-5.791764654572731
6.2,-5.8183636450490095
6.22,-5.845563208792862
6.24,-5.873166687719956
6.26,-5.90099203848785
6.28,-5.928892911028716
6.3,-5.956747972109019
6.32,-5.984451846874816
6.34,-6.0119202788171355
6.36,-6.03908013691798
6.38,-6.065871218764542
6.4,-6.0922434539744375
6.42,-6.118164215555592
6.44,-6.143586779999549
6.46,-6.16849884665868
6.48,-6.192867052363737
6.5,-6.216680662219944
6.52,-6.239929365570112
6.54,-6.2626032396159435
6.56,-6.2847031491827785
6.58,-6.306209235579843
6.6,-6.327143344902663
6.62,-6.347485850347105
6.64,-6.367248031748206
6.66,-6.386440778786445
6.68,-6.405054658942589
6.7,-6.4231101339112575
6.72,-6.440607342697297
6.74,-6.457556094683797
6.76,-6.4739561294566546
6.78,-6.4898263704323425
6.8,-6.505175563383819
6.82,-6.5200025895151725
6.84,-6.5343346545028576
6.86,-6.548169942905426
6.88,-6.561525292913154
6.9,-6.5744077229366775
6.92,-6.586823970162532
6.94,-6.598789729021082
6.96,-6.610311063596857
6.98,-6.62140293264804
7.0,-6.632079887995348
7.02,-6.642337962892494
7.04,-6.652200211959451
7.06,-6.661680189957135
7.08,-6.670773198396267
7.1,-6.67950126422567
7.12,-6.687877077740504
7.14,-6.695895309968596
7.16,-6.703577095772346
7.18,-6.710934377724618
7.2,-6.71797006604954
7.22,-6.724695691678545
7.24,-6.731122555921936
7.26,-6.737253035009983
7.28,-6.743106763703357
7.3,-6.748685763715328
7.32,-6.754000603404558
7.34,-6.759053050090565
7.36,-6.763861998591115
7.38,-6.768420341146949
7.4,-6.772755260882986
7.42,-6.776867993325819
7.44,-6.780759708554566
7.46,-6.784440044063718
7.48,-6.7879185213707345
7.5,-6.791204554309938
7.52,-6.794298961570419
7.54,-6.79721099751158
7.56,-6.799949827348361
7.58,-6.802516069491469
7.6,-6.8049272140899015
7.62,-6.807175303136517
7.64,-6.809277696387584
7.66,-6.811234796063599
7.68,-6.813046976253997
7.7,-6.814731421292983
7.72,-6.816288414971257
7.74,-6.817726627353141
7.76,-6.819046284333857
7.78,-6.8202475930610795
7.8,-6.821347530908058
7.82,-6.822346245762378
7.84,-6.82324387183961
7.86,-6.824048914092238
7.88,-6.824761471626165
7.9,-6.825390011508948
7.92,-6.825934604045637
7.94,-6.826412061305796
7.96,-6.82680567788644
7.98,-6.827132243592275
8.0,-6.827400159513518
8.02,-6.82760107550052
8.04,-6.827735009514865
8.06,-6.827818714220981
8.08,-6.827852195230545
8.1,-6.82783545478811
8.12,-6.827768491771409
8.14,-6.82765967261386
8.16,-6.8275089912358
8.18,-6.827324811388106
8.2,-6.827098751856855
8.22,-6.826839173988215
8.24,-6.826546066175894
8.26,-6.826227791568726
8.28,-6.825884339489284
8.3,-6.8255073195052915
8.32,-6.8251134755957015
8.34,-6.824702798943094
8.36,-6.8242668968220705
8.38,-6.823814139844931
8.4,-6.823344517868821
8.42,-6.822866409149546
8.44,-6.8223714177252415
8.46,-6.82185953250083
8.48,-6.821347530908058
8.5,-6.820827016568313
8.52,-6.820289585279241
8.54,-6.819752025787071
8.56,-6.819214338055087
8.58,-6.818668117653418
8.6,-6.81812176489677
8.62,-6.817566871248517
8.64,-6.817020251628697
8.66,-6.816465086932267
8.68,-6.815918200292822
8.7,-6.81537118110462
8.72,-6.814824029329111
8.74,-6.8142851656924455
8.76,-6.813746173442492
8.78,-6.813207052542413
8.8,-6.8126762297200125
8.82,-6.812153710878905
8.84,-6.811639501831718
8.86,-6.811125175781877
8.88,-6.8106191671343765
8.9,-6.810121481521005
8.92,-6.809632124482149
8.94,-6.809142661553403
8.96,-6.808669976155121
8.98,-6.808205635433955
9.0,-6.807741199421699
9.02,-6.807293561813389
9.04,-6.8068542841580095
9.06,-6.806423371352851
9.08,-6.806000828202873
9.1,-6.805586659420598
9.12,-6.805180869626006
9.14,-6.8047834633464275
9.16,-6.804394445016452
9.18,-6.804022278028753
9.2,-6.803650049919527
9.22,-6.8032946842414646
9.24,-6.802947725912262
9.26,-6.802609178807258
9.28,-6.802279046708414
9.3,-6.80195733330423
9.32,-6.801652510086043
9.34,-6.801347645900498
9.36,-6.8010512108820915
9.38,-6.800771679529318
9.4,-6.800500585933305
9.42,-6.800229459948315
9.44,-6.799975249917494
9.46,-6.799729486487553
9.48,-6.7994836964460665
9.5,-6.7992548335169785
9.52,-6.79903442518539
9.54,-6.7988139954554585
9.56,-6.798610502863832
9.58,-6.79841547201721
9.6,-6.798220424419961
9.62,-6.798033841477413
9.64,-6.79785572527824
9.66,-6.797686077816496
9.68,-6.79752490099157
9.7,-6.797372196608147
9.72,-6.797219481959711
9.74,-6.797075242032235
9.76,-6.796939478440993
9.78,-6.796812192706438
9.8,-6.796684899841299
9.82,-6.796566086733374
9.84,-6.796455754713445
9.86,-6.796345417336648
9.88,-6.796243562695488
9.9,-6.796150191930922
9.92,-6.796056817330346
9.94,-6.7959719280008954
9.96,-6.795887035500893
9.98,-6.795810629539949
10.0,-6.795742710974066
10.02,-6.795674790378783
10.04,-6.795606867754029
10.06,-6.7955474337925095
10.08,-6.795487998277072
10.1,-6.795437052312725
10.12,-6.795386105206657
10.14,-6.795343648412763
10.16,-6.7953011908259695
10.18,-6.795258732446257
10.2,-6.7952247651715725
10.22,-6.7951907973894015
10.24,-6.795165321219727
10.26,-6.795131352549429
10.28,-6.795114368023963
10.3,-6.795088890997865
10.32,-6.795063413686283
10.34,-6.795046428653293
10.36,-6.7950294434934175
10.38,-6.795020950865898
10.4,-6.795003965515696
10.42,-6.794995472793012
10.44,-6.7949869800386065
10.46,-6.7949869800386065
10.48,-6.794978487252479
10.5,-6.794978487252479
10.52,-6.794969994434628
10.54,-6.794969994434628
10.56,-6.794969994434628
10.58,-6.794978487252479
10.6,-6.794978487252479
10.62,-6.794978487252479
10.64,-6.7949869800386065
10.66,-6.794995472793012
10.68,-6.794995472793012
10.7,-6.795003965515696
10.72,-6.795012458206658
10.74,-6.795020950865898
10.76,-6.7950294434934175
10.78,-6.795046428653293
10.8,-6.795054921185649
10.82,-6.795063413686283
10.84,-6.795071906155197
10.86,-6.795088890997865
10.88,-6.795097383371617
10.9,-6.795114368023963
10.92,-6.7951228603025555
10.94,-6.7951398447645825
10.96,-6.795148336948016
10.98,-6.795165321219727
11.0,-6.795182305364563
11.02,-6.7951907973894015
11.04,-6.795207781343923
11.06,-6.7952247651715725
11.08,-6.795233257037821
11.1,-6.795250240675162
11.12,-6.795258732446257
11.14,-6.795275715893292
11.16,-6.795292699213461
11.18,-6.7953011908259695
11.2,-6.795318173955836
11.22,-6.795335156958838
11.24,-6.795343648412763
11.26,-6.795360631225468
11.28,-6.795369122584248
11.3,-6.795386105206657
11.32,-6.795394596470289
11.34,-6.795411578902408
11.36,-6.795420070070895
11.38,-6.795437052312725
11.4,-6.7954455433860685
11.42,-6.795462525437612
11.44,-6.795471016415813
11.46,-6.795479507362299
11.48,-6.795496489160132
11.5,-6.795504980011478
11.52,-6.795513470831111
11.54,-6.795530452375236
11.56,-6.795538943099729
11.58,-6.7955474337925095
11.6,-6.795555924453578
11.62,-6.795564415082933
11.64,-6.795572905680577
11.66,-6.795589886780727
11.68,-6.795598377283233
11.7,-6.795606867754029
11.72,-6.795615358193112
11.74,-6.795623848600484
11.76,-6.795632338976145
11.78,-6.795632338976145
11.8,-6.795640829320095
11.82,-6.795649319632333
11.84,-6.795657809912861
11.86,-6.795666300161677
11.88,-6.795674790378783
11.9,-6.795674790378783
11.92,-6.795683280564179
11.94,-6.795691770717864
11.96,-6.79570026083984
11.98,-6.79570026083984
12.0,-14.859376215981667
12.02,-14.860514530168047
12.04,-14.863665780028615
12.06,-14.868500901537256
12.08,-14.8747432907328
12.1,-14.882159673399185
12.12,-14.890546019785596
12.14,-14.899734804770924
12.16,-14.909580680600094
12.18,-14.91997471517383
12.2,-14.930772774692468
12.22,-14.941928898062772
12.24,-14.953349771053631
12.26,-14.964989981823688
12.28,-14.976756516682567
12.3,-14.98862794777674
12.32,-15.00055894624269
12.34,-15.012504037308648
12.36,-15.024441497445464
12.38,-15.036349434092804
12.4,-15.048205742898393
12.42,-15.05998806717173
12.44,-15.071673760117353
12.46,-15.08323985038986
12.48,-15.094711576107667
12.5,-15.106016907501623
12.52,-15.117180562220724
12.54,-15.128202889970465
12.56,-15.139059562265912
12.58,-15.149725838198643
12.6,-15.16022592158596
12.62,-15.170559417004561
12.64,-15.180700976963559
12.66,-15.190649747543368
12.68,-15.200379777889808
12.7,-15.209939901971769
12.72,-15.219278910490159
12.74,-15.228420552302541
12.76,-15.237363514476748
12.78,-15.24608103657303
12.8,-15.25459690464164
12.82,-15.262909631036564
12.84,-15.271017684942343
12.86,-15.278893805345378
12.88,-15.286561936494438
12.9,-15.294046307657949
12.92,-15.301293668288308
12.94,-15.308354140199665
12.96,-15.315174159375976
12.98,-15.321830276694465
13.0,-15.328242647780318
13.02,-15.334461983812208
13.04,-15.340486869650471
13.06,-15.346315901894526
13.08,-15.351947692621218
13.1,-15.357380872986258
13.12,-15.362614096689791
13.14,-15.367672696841389
13.16,-15.372528842129766
13.18,-15.377208033138588
13.2,-15.381709199174251
13.22,-15.386031295422836
13.24,-15.390200226354425
13.26,-15.394161210446992
13.28,-15.397994195848279
13.3,-15.40161734611419
13.32,-15.405110945481576
13.34,-15.408447239222584
13.36,-15.411625515250384
13.38,-15.414672311556991
13.4,-15.417559822107595
13.42,-15.420314708598161
13.44,-15.422909141916383
13.46,-15.425397261522468
13.48,-15.427723926387479
13.5,-15.429943445064522
13.52,-15.432055486934852
13.54,-15.434032267527979
13.56,-15.435900904872033
13.58,-15.437633601680067
13.6,-15.439285097962994
13.62,-15.440827649811958
13.64,-15.442261020832149
13.66,-15.443612582048287
13.68,-15.444854569612612
13.7,-15.44601441407058
13.72,-15.447091980796996
13.74,-15.448087144385498
13.76,-15.448999788736847
13.78,-15.449829807140384
13.8,-15.450577102348763
13.82,-15.451269278027231
13.84,-15.451906280021632
13.86,-15.45246035104829
13.88,-15.452959139361276
13.9,-15.453374886380438
13.92,-15.453762990878351
13.94,-15.454095708738345
13.96,-15.454373013738653
13.98,-15.454594884009362
14.0,-15.45478903965911
14.02,-15.454927733219645
14.04,-15.455010953738398
14.06,-15.455066435910528
14.08,-15.455094177544531
14.1,-15.455094177544531
14.12,-15.455038694641823
14.14,-15.454955473027326
14.16,-15.454872254699906
14.18,-15.454733564790924
14.2,-15.454567148948154
14.22,-15.454400746245241
14.24,-15.45417889640821
14.26,-15.453957069915903
14.28,-15.45373526675973
14.3,-15.453458045617886
14.32,-15.453180860908573
14.34,-15.452903712615024
14.36,-15.452598891532318
14.38,-15.452294114470083
14.4,-15.45196168058113
14.42,-15.451629299024638
14.44,-15.451296969771636
14.46,-15.450937005403643
14.48,-15.450577102348763
14.5,-15.450217260570156
14.52,-15.449857480030985
14.54,-15.449470092510177
14.56,-15.449110439042897
14.58,-15.448723188283173
14.6,-15.448336008369237
14.62,-15.447976547559115
14.64,-15.447589504146405
14.66,-15.447202531444738
14.68,-15.446815629408107
14.7,-15.446456426465067
14.72,-15.446069660581072
14.74,-15.445710583986031
14.76,-15.445323954083552
14.78,-15.44496500367761
14.8,-15.444606113972707
14.82,-15.44424728493201
14.84,-15.44388851651868
14.86,-15.443529808695878
14.88,-15.443171161426772
14.9,-15.442840156123157
14.92,-15.44250920235523
14.94,-15.442178300094014
14.96,-15.44184744931054
14.98,-15.44151664997583
15.0,-15.441213462423912
15.02,-15.440910318056588
15.04,-15.440607216851538
15.06,-15.44030415878645
15.08,-15.440001143839003
15.1,-15.439725713102318
15.12,-15.439450317964837
15.14,-15.439174958409797
15.16,-15.438927165219386
15.18,-15.438651873224785
15.2,-15.438404140811532
15.22,-15.438156437168448
15.24,-15.437936280295222
15.26,-15.437688630962436
15.28,-15.43746852234565
15.3,-15.437248436424362
15.32,-15.43702837318999
15.34,-15.436835836463525
15.36,-15.436643317094402
15.38,-15.436450815076878
15.4,-15.436258330405193
15.42,-15.436065863073603
15.44,-15.435900904872033
15.46,-15.435735959402276
15.48,-15.43557102666071
15.5,-15.435406106643715
15.52,-15.435268683013764
15.54,-15.435103786315736
15.56,-15.434966382113187
15.58,-15.434828986737923
15.6,-15.434691600187845
15.62,-15.434581697300514
15.64,-15.434471800058885
15.66,-15.434334436444491
15.68,-15.43422455190178
15.7,-15.434114673001288
15.72,-15.434032267527979
15.74,-15.433922398498785
15.76,-15.433840000427722
15.78,-15.43375760552829
15.8,-15.433675213800043
15.82,-15.433592825242526
15.84,-15.433510439855285
15.86,-15.433428057637869
15.88,-15.433373137920382
15.9,-15.433290760985
15.92,-15.433235844788452
15.94,-15.433180930000042
15.96,-15.433126016619637
15.98,-15.433071104647107
16.0,-15.433016194082313
16.02,-15.432961284925126
16.04,-15.432933830874338
16.06,-15.432878923828303
16.08,-15.432851470833018
16.1,-15.432824018189535
16.12,-15.432769113957901
16.14,-15.432741662369718
16.16,-15.43271421113327
16.18,-15.432686760248535
16.2,-15.432659309715502
16.22,-15.432659309715502
16.24,-15.432631859534151
16.26,-15.432604409704465
16.28,-15.432604409704465
16.3,-15.43257696022643
16.32,-15.43254951110003
16.34,-15.43254951110003
16.36,-15.43254951110003
16.38,-15.432522062325242
16.4,-15.432522062325242
16.42,-15.432522062325242
16.44,-15.432522062325242
16.46,-15.432494613902055
16.48,-15.432494613902055
16.5,-15.432494613902055
16.52,-15.432494613902055
16.54,-15.432494613902055
16.56,-15.432494613902055
16.58,-15.432494613902055
16.6,-15.432494613902055
16.62,-15.432494613902055
16.64,-15.432494613902055
16.66,-15.432522062325242
16.68,-15.432522062325242
16.7,-15.432522062325242
16.72,-15.432522062325242
16.74,-15.432522062325242
16.76,-15.43254951110003
16.78,-15.43254951110003
16.8,-15.43254951110003
16.82,-15.43254951110003
16.84,-15.43257696022643
16.86,-15.43257696022643
16.88,-15.43257696022643
16.9,-15.432604409704465
16.92,-15.432604409704465
16.94,-15.432604409704465
16.96,-15.432631859534151
16.98,-15.432631859534151
17.0,-15.432631859534151
17.02,-15.432659309715502
17.04,-15.432659309715502
17.06,-15.432659309715502
17.08,-15.432686760248535
17.1,-15.432686760248535
17.12,-15.432686760248535
17.14,-15.43271421113327
17.16,-15.43271421113327
17.18,-15.43271421113327
17.2,-15.432741662369718
17.22,-15.432741662369718
17.24,-15.432741662369718
17.26,-15.432769113957901
17.28,-15.432769113957901
17.3,-15.432769113957901
17.32,-15.432796565897837
17.34,-15.432796565897837
17.36,-15.432796565897837
17.38,-15.432824018189535
17.4,-15.432824018189535
17.42,-15.432824018189535
17.44,-15.432824018189535
17.46,-15.432851470833018
17.48,-15.432851470833018
17.5,-15.432851470833018
17.52,-15.432878923828303
17.54,-15.432878923828303
17.56,-15.432878923828303
17.58,-15.432878923828303
17.6,-15.432906377175405
17.62,-15.432906377175405
17.64,-15.432906377175405
17.66,-15.432906377175405
17.68,-15.432933830874338
17.7,-15.432933830874338
17.72,-15.432933830874338
17.74,-15.432933830874338
17.76,-15.432933830874338
17.78,-15.432961284925126
17.8,-15.432961284925126
17.82,-15.432961284925126
17.84,-15.432961284925126
17.86,-15.432961284925126
17.88,-15.432961284925126
17.9,-15.432988739327778
17.92,-15.432988739327778
17.94,-15.432988739327778
17.96,-15.432988739327778
17.98,-15.432988739327778
18.0,-42.15617835890447
18.02,-42.17829934800909
18.04,-42.23852892768385
18.06,-42.32975850782405
18.08,-42.444569212510316
18.1,-42.576891065475785
18.12,-42.72138634360955
18.14,-42.87354396386681
18.16,-43.02938800085441
18.18,-43.185831737900216
18.2,-43.3404708637538
18.22,-43.49139484934899
18.24,-43.63740916526237
18.26,-43.77719500372519
18.28,-43.91030835352951
18.3,-44.036345349883945
18.32,-44.15505863954089
18.34,-44.26652306773794
18.36,-44.37088156116309
18.38,-44.46833161736996
18.4,-44.5591127526172
18.42,-44.643639566252666
18.44,-44.72217666274749
18.46,-44.79519589673871
18.48,-44.86295236546098
18.5,-44.92582146586037
18.52,-44.9842078579296
18.54,-45.03837992189637
18.56,-45.088738248438375
18.58,-45.13546058079487
18.6,-45.17885277644568
18.62,-45.219232441510535
18.64,-45.25676732100025
18.66,-45.2916908392929
18.68,-45.324214346027915
18.7,-45.354529325729665
18.72,-45.382809387145606
18.74,-45.409181404340615
18.76,-45.43379219507915
18.78,-45.45680321125375
18.8,-45.47830506924787
18.82,-45.498434123732416
18.84,-45.51726265812693
18.86,-45.53490649600684
18.88,-45.55144658885512
18.9,-45.566956883459696
18.92,-45.58152700861239
18.94,-45.59517408665617
18.96,-45.60801896507225
18.98,-45.62006969089206
19.0,-45.63141328452192
19.02,-45.64207137901094
19.04,-45.65210157969805
19.06,-45.66153836916288
19.08,-45.670431317435586
19.1,-45.678791137511496
19.12,-45.6866789820865
19.14,-45.69410105612794
19.16,-45.70109590943728
19.18,-45.707683121294075
19.2,-45.71389660979076
19.22,-45.719736830547866
19.24,-45.7252499073643
19.26,-45.73044883616866
19.28,-45.735330875479114
19.3,-45.739937090172674
19.32,-45.74427727059087
19.34,-45.74836052406552
19.36,-45.7522093790743
19.38,-45.75583120996045
19.4,-45.75921912579698
19.42,-45.76242076162745
19.44,-45.7654277320774
19.46,-45.76824517012182
19.48,-45.7708778411173
19.5,-45.77335641951505
19.52,-45.775671349720064
19.54,-45.77785201842555
19.56,-45.779875460773944
19.58,-45.78177023682228
19.6,-45.783525992831905
19.62,-45.78517033097066
19.64,-45.78669248828737
19.66,-45.78810679033932
19.68,-45.78941475437761
19.7,-45.790617776986565
19.72,-45.79174179312263
19.74,-45.79276313591403
19.76,-45.79369512667955
19.78,-45.794550831234815
19.8,-45.79533092558871
19.82,-45.79602388232409
19.84,-45.796654566443856
19.86,-45.797223390499404
19.88,-45.79773072577878
19.9,-45.798164853319186
19.92,-45.79855017886406
19.94,-45.79887488390979
19.96,-45.79916319344646
19.98,-45.799391227046854
20.0,-45.79957112171195
20.02,-45.79971495373993
20.04,-45.799810800448284
20.06,-45.79987068786596
20.08,-45.79988266380141
20.1,-45.79987068786596
20.12,-45.79983475696355
20.14,-45.79975090012739
20.16,-45.79964304702301
20.18,-45.79951116974469
20.2,-45.7993552341559
20.22,-45.799175199871506
20.24,-45.79897102023673
20.26,-45.79875466685919
20.28,-45.79851407718244
20.3,-45.79824918873551
20.32,-45.79797199099172
20.34,-45.79768244774504
20.36,-45.797380521138386
20.38,-45.79705407424106
20.4,-45.7967272465767
20.42,-45.7963879114292
20.44,-45.796036024230666
20.46,-45.7956836958396
20.48,-45.79531875320824
20.5,-45.79495333697852
20.52,-45.79457524187887
20.54,-45.79419663947023
20.56,-45.79380529109004
20.58,-45.79342565516716
20.6,-45.79303323817835
20.62,-45.79264027705685
20.64,-45.79224677089263
20.66,-45.79185271877392
20.68,-45.791470459292384
20.7,-45.79107532965441
20.72,-45.79067965134471
20.74,-45.790295813894524
20.76,-45.78991145982963
20.78,-45.78952658831155
20.8,-45.789141198500246
20.82,-45.78876774634144
20.84,-45.788393807236
20.86,-45.78801938041835
20.88,-45.78765697017615
20.9,-45.78729410278331
20.92,-45.78694331363036
20.94,-45.786592097035864
20.96,-45.78625301848808
20.98,-45.78591354133728
21.0,-45.785573665018596
21.02,-45.78524599891791
21.04,-45.78493058532714
21.06,-45.78461482811076
21.08,-45.784311377481224
21.1,-45.78400760935065
21.12,-45.78370352331865
21.14,-45.783424498179286
21.16,-45.78313250376851
21.18,-45.78286564427568
21.2,-45.78258581489162
21.22,-45.782331191379434
21.24,-45.78207634556582
21.26,-45.781821277216906
21.28,-45.78157875594883
21.3,-45.78134881332027
21.32,-45.78111868989694
21.34,-45.78090118494632
21.36,-45.780683518433996
21.38,-45.78047850811887
21.4,-45.780273354441505
21.42,-45.78008089255951
21.44,-45.77988830446976
21.46,-45.779708441630575
21.48,-45.77952846868241
21.5,-45.779361252281355
21.52,-45.7791939408043
21.54,-45.7790265341861
21.56,-45.77888480807253
21.58,-45.77873011997795
21.6,-45.778588251208866
21.62,-45.7784463141521
21.64,-45.77831722117289
21.66,-45.77820098918615
21.68,-45.77807178883414
21.7,-45.777955460163476
21.72,-45.77785201842555
21.74,-45.77773560316609
21.76,-45.77764502625105
21.78,-45.77754147578391
21.8,-45.77745083936995
21.82,-45.77736017517372
21.84,-45.77728244088532
21.86,-45.777204686171466
21.88,-45.777126911025675
21.9,-45.77704911544149
21.92,-45.77698427017068
21.94,-45.7769194106983
21.96,-45.776854537020604
21.98,-45.776802627848106
22.0,-45.77675070957989
22.02,-45.77669878221404
22.04,-45.77664684574863
22.06,-45.77660788742683
22.08,-45.77655593503257
22.1,-45.77651696476193
22.12,-45.77649098173584
22.14,-45.77645200292761
22.16,-45.776426014209044
22.18,-45.776387026860974
22.2,-45.776361032448435
22.22,-45.776335035757874
22.24,-45.77632203655826
22.26,-45.77629603645024
22.28,-45.77628303554176
22.3,-45.77625703201573
22.32,-45.77624402939811
22.34,-45.776231026210716
22.36,-45.77621802245352
22.38,-45.77620501812649
22.4,-45.77620501812649
22.42,-45.7761920132296
22.44,-45.7761920132296
22.46,-45.776179007762806
22.48,-45.776179007762806
22.5,-45.776179007762806
22.52,-45.776179007762806
22.54,-45.776179007762806
22.56,-45.776179007762806
22.58,-45.776179007762806
22.6,-45.776179007762806
22.62,-45.776179007762806
22.64,-45.776179007762806
22.66,-45.7761920132296
22.68,-45.7761920132296
22.7,-45.77620501812649
22.72,-45.77620501812649
22.74,-45.77621802245352
22.76,-45.77621802245352
22.78,-45.776231026210716
22.8,-45.776231026210716
22.82,-45.77624402939811
22.84,-45.77625703201573
22.86,-45.77625703201573
22.88,-45.7762700340636
22.9,-45.77628303554176
22.92,-45.77628303554176
22.94,-45.77629603645024
22.96,-45.776309036789065
22.98,-45.77632203655826
23.0,-45.776335035757874
23.02,-45.776335035757874
23.04,-45.77634803438792
23.06,-45.776361032448435
23.08,-45.77637402993944
23.1,-45.776387026860974
23.12,-45.776387026860974
23.14,-45.77640002321307
23.16,-45.77641301899575
23.18,-45.776426014209044
23.2,-45.77643900885299
23.22,-45.77643900885299
23.24,-45.77645200292761
23.26,-45.77646499643294
23.28,-45.776477989369006
23.3,-45.776477989369006
23.32,-45.77649098173584
23.34,-45.77650397353347
23.36,-45.77651696476193
23.38,-45.77651696476193
23.4,-45.776529955421246
23.42,-45.77654294551145
23.44,-45.77654294551145
23.46,-45.77655593503257
23.48,-45.77656892398464
23.5,-45.77656892398464
23.52,-45.77658191236768
23.54,-45.776594900181735
23.56,-45.776594900181735
23.58,-45.77660788742683
23.6,-45.77660788742683
23.62,-45.77662087410299
23.64,-45.77662087410299
23.66,-45.77663386021025
23.68,-45.77663386021025
23.7,-45.77664684574863
23.72,-45.77664684574863
23.74,-45.77665983071817
23.76,-45.77665983071817
23.78,-45.7766728151189
23.8,-45.7766728151189
23.82,-45.776685798950844
23.84,-45.776685798950844
23.86,-45.776685798950844
23.88,-45.77669878221404
23.9,-45.77669878221404
23.92,-45.77671176490851
23.94,-45.77671176490851
23.96,-45.77671176490851
23.98,-45.77672474703429
24.0,-10.799559154958656
24.02,-10.795616504939181
24.04,-10.784728682261889
24.06,-10.768145254223672
24.08,-10.746977683949137
24.1,-10.722146683565361
24.12,-10.694472488676265
24.14,-10.664665306428542
24.16,-10.633248637417433
24.18,-10.600711929197624
24.2,-10.567413981320891
24.22,-10.533637866423607
24.24,-10.499664599329805
24.26,-10.465638054435507
24.28,-10.431731321233173
24.3,-10.397992249800396
24.32,-10.364547620538739
24.34,-10.331406974084931
24.36,-10.298640177122488
24.38,-10.266228276139731
24.4,-10.234194066238986
24.42,-10.202539154770477
24.44,-10.171224451911224
24.46,-10.140276234049416
24.48,-10.109660676351218
24.5,-10.079368603642951
24.52,-10.049352354083535
24.54,-10.019632315969394
24.56,-9.990169483065781
24.58,-9.960950667980995
24.6,-9.931989733438447
24.62,-9.903216559528184
24.64,-9.874676798378195
24.66,-9.846354256442204
24.68,-9.81821307938115
24.7,-9.790291631190893
24.72,-9.762561921765547
24.74,-9.735022728670845
24.76,-9.707701586488257
24.78,-9.680605411716337
24.8,-9.653718027626377
24.82,-9.627077974377285
24.84,-9.600674002177962
24.86,-9.574523386504579
24.88,-9.548674412179768
24.9,-9.523092912624714
24.92,-9.497801644255917
24.94,-9.472855549104663
24.96,-9.448252262104846
24.98,-9.423988826677064
25.0,-9.400125301080807
25.02,-9.376627996717618
25.04,-9.35355897373666
25.06,-9.330916389709964
25.08,-9.308696998298728
25.1,-9.286965592977406
25.12,-9.265683827630044
25.14,-9.244917057974638
25.16,-9.224623882770699
25.18,-9.204832766908579
25.2,-9.18560987908456
25.22,-9.166871368941365
25.24,-9.148681347271763
25.26,-9.131066829728583
25.28,-9.114015082863318
25.3,-9.097471157163746
25.32,-9.081537948847439
25.34,-9.066158006411603
25.36,-9.051352594108023
25.38,-9.037100788924548
25.4,-9.023421720268498
25.42,-9.010291489533335
25.44,-8.99772709041943
25.46,-8.985745011234348
25.48,-8.974273938288876
25.5,-8.963371185927208
25.52,-8.95300632925664
25.54,-8.943147162430266
25.56,-8.933804656105059
25.58,-8.924989304527784
25.6,-8.916711097273817
25.62,-8.908888293223871
25.64,-8.901528459745585
25.66,-8.894638767294666
25.68,-8.888225972879356
25.7,-8.882203569618472
25.72,-8.876669600704483
25.74,-8.87153609067926
25.76,-8.86676033497948
25.78,-8.862439864869607
25.8,-8.858437186462233
25.82,-8.854849391337227
25.84,-8.851537359841608
25.86,-8.848645292253467
25.88,-8.845985454503532
25.9,-8.8437019087181
25.92,-8.84170101005993
25.94,-8.839936147494047
25.96,-8.83850368596555
25.98,-8.837261137172016
26.0,-8.836304645891222
26.02,-8.83558688646611
26.04,-8.8350603164305
26.06,-8.83472513246943
26.08,-8.834629352199768
26.1,-8.834677243080442
26.12,-8.834916675109792
26.14,-8.83534755881202
26.16,-8.835874030466464
26.18,-8.836591655810844
26.2,-8.837404559508371
26.22,-8.838360366257833
26.24,-8.839458808864306
26.26,-8.840604172175958
26.28,-8.84189168441198
26.3,-8.843273364593749
26.32,-8.844701379032706
26.34,-8.846223128101945
26.36,-8.847790848675674
26.38,-8.849451828548872
26.4,-8.851158384031486
26.42,-8.85291035926241
26.44,-8.854754861560743
26.46,-8.856549926033349
26.48,-8.858437186462233
26.5,-8.860322111257776
26.52,-8.862251739450183
26.54,-8.864225896302711
26.56,-8.866150578769062
26.58,-8.86811967835809
26.6,-8.870086225763112
26.62,-8.872050225618882
26.64,-8.874058352951819
26.66,-8.87601721120096
26.68,-8.877973535865634
26.7,-8.879927331547695
26.72,-8.881878602840871
26.74,-8.883827354330782
26.76,-8.885727280831517
26.78,-8.887624814704196
26.8,-8.889519960192366
26.82,-8.891366584954232
26.84,-8.893210944376593
26.86,-8.895007017459507
26.88,-8.89675497306112
26.9,-8.89854681238959
26.92,-8.900244785201101
26.94,-8.901940835865247
26.96,-8.903634967460148
26.98,-8.905235760879354
27.0,-8.906880505353087
27.02,-8.908432214725911
27.04,-8.909982313551824
27.06,-8.911485283290862
27.08,-8.91294126373677
27.1,-8.914395823645782
27.12,-8.915803575772445
27.14,-8.917164650655241
27.16,-8.918479174345293
27.18,-8.919792537516132
27.2,-8.921059512486835
27.22,-8.922280216268632
27.24,-8.92349991773923
27.26,-8.924673498861047
27.28,-8.925801067739618
27.3,-8.926882728131982
27.32,-8.927963600069026
27.34,-8.928998696572885
27.36,-8.92998811267177
27.38,-8.930976868228358
27.4,-8.931920064741515
27.42,-8.932817788619033
27.44,-8.9337149680832
27.46,-8.934566784741202
27.48,-8.9353733164788
27.5,-8.936179408330373
27.52,-8.936940313702989
27.54,-8.937656102048924
27.56,-8.938371543598594
27.58,-8.939041955303924
27.6,-8.939667398262545
27.62,-8.940337221655698
27.64,-8.940917489346395
27.66,-8.941497528821218
27.68,-8.942032747427714
27.7,-8.942567771788877
27.72,-8.943102602005808
27.74,-8.94354814562154
27.76,-8.94403808802981
27.78,-8.944483348856147
27.8,-8.944883968539918
27.82,-8.945284479263673
27.84,-8.94568488106996
27.86,-8.94604070238415
27.88,-8.946396437703555
27.9,-8.946707635588899
27.92,-8.947018767677326
27.94,-8.947329833988821
27.96,-8.94759640991789
27.98,-8.947862937548306
28.0,-8.948085007021252
28.02,-8.948307042969473
28.04,-8.948529045400242
28.06,-8.948751014320836
28.08,-8.948928565334866
28.1,-8.949106094910757
28.12,-8.949283603052232
28.14,-8.949416720094238
28.16,-8.949594190734434
28.18,-8.949727279654754
28.2,-8.94981599890735
28.22,-8.949949067745981
28.24,-8.95003777361224
28.26,-8.950126474124772
28.28,-8.950215169284048
28.3,-8.950303859090532
28.32,-8.95034820198662
28.34,-8.950436883764782
28.36,-8.950481222646975
28.38,-8.950525560191315
28.4,-8.950569896397864
28.42,-8.95061423126668
28.44,-8.95061423126668
28.46,-8.950658564797818
28.48,-8.950658564797818
28.5,-8.950658564797818
28.52,-8.950702896991341
28.54,-8.950702896991341
28.56,-8.950702896991341
28.58,-8.950658564797818
28.6,-8.950658564797818
28.62,-8.950658564797818
28.64,-8.950658564797818
28.66,-8.95061423126668
28.68,-8.95061423126668
28.7,-8.950569896397864
28.72,-8.950525560191315
28.74,-8.950525560191315
28.76,-8.950481222646975
28.78,-8.950436883764782
28.8,-8.950392543544684
28.82,-8.950392543544684
28.84,-8.95034820198662
28.86,-8.950303859090532
28.88,-8.95025951485636
28.9,-8.950215169284048
28.92,-8.950170822373538
28.94,-8.950126474124772
28.96,-8.950082124537692
28.98,-8.95003777361224
29.0,-8.949993421348355
29.02,-8.949949067745981
29.04,-8.949904712805063
29.06,-8.949860356525539
29.08,-8.94981599890735
29.1,-8.949771639950443
29.12,-8.949727279654754
29.14,-8.949682918020228
29.16,-8.949594190734434
29.18,-8.949549825083047
29.2,-8.949505458092592
29.22,-8.949461089763009
29.24,-8.949416720094238
29.26,-8.949372349086225
29.28,-8.949327976738909
29.3,-8.949283603052232
29.32,-8.949239228026135
29.34,-8.949194851660565
29.36,-8.949150473955457
29.38,-8.949106094910757
29.4,-8.949061714526406
29.42,-8.949061714526406
29.44,-8.949017332802345
29.46,-8.948972949738518
29.48,-8.948928565334866
29.5,-8.948884179591328
29.52,-8.948839792507849
29.54,-8.948795404084372
29.56,-8.948795404084372
29.58,-8.948751014320836
29.6,-8.94870662321718
29.62,-8.948662230773355
29.64,-8.948662230773355
29.66,-8.948617836989294
29.68,-8.948573441864943
29.7,-8.948573441864943
29.72,-8.948529045400242
29.74,-8.948484647595137
29.76,-8.948484647595137
29.78,-8.948440248449563
29.8,-8.948440248449563
29.82,-8.948395847963468
29.84,-8.94835144613679
29.86,-8.94835144613679
29.88,-8.948307042969473
29.9,-8.948307042969473
29.92,-8.948262638461458
29.94,-8.948262638461458
29.96,-8.948262638461458
29.98,-8.948218232612685
30.0,18.248615532793277
30.02,18.253596359716973
30.04,18.267214825590116
30.06,18.287874664969053
30.08,18.314226792898232
30.1,18.344928430507032
30.12,18.378988493551848
30.14,18.415486651752694
30.16,18.4536581984886
30.18,18.492901191289317
30.2,18.532714828025092
30.22,18.572697228209915
30.24,18.612527944268603
30.26,18.651957666439404
30.28,18.690795060492274
30.3,18.72889134441917
30.32,18.766138928429797
30.34,18.80246091075917
30.36,18.837801818376015
30.38,18.872131780772207
30.4,18.90543026564717
30.42,18.93769361510758
30.44,18.96892778714875
30.46,18.99914203938733
30.48,19.028360529069424
30.5,19.056586990868624
30.52,19.083853505117105
30.54,19.110185305420373
30.56,19.135605759225648
30.58,19.16015875091654
30.6,19.18386289389899
30.62,19.206735083020238
30.64,19.228833369053348
30.66,19.25012726753843
30.68,19.270691401807788
30.7,19.290533881380437
30.72,19.309681927441304
30.74,19.328160613733655
30.76,19.34597299703938
30.78,19.36316071929071
30.8,19.379743291786394
30.82,19.395738655838088
30.84,19.411143921478693
30.86,19.42601312676963
30.88,19.440340650079346
30.9,19.45413924475065
30.92,19.46743949368919
30.94,19.480233011363584
30.96,19.49256701675402
30.98,19.504431360464213
31.0,19.515852577087156
31.02,19.526837762648547
31.04,19.537393414218094
31.06,19.547525474547506
31.08,19.557275901794984
31.1,19.566631113538737
31.12,19.575613658683462
31.14,19.584227403616428
31.16,19.592475881948005
31.18,19.600380345840648
31.2,19.607961612884107
31.22,19.61520420679528
31.24,19.622128412053755
31.26,19.628754183089654
31.28,19.63506545220718
31.3,19.64109961723197
31.32,19.646858099386336
31.34,19.652324402555816
31.36,19.65755309574598
31.38,19.662509630004546
31.4,19.667212730047343
31.42,19.671680966470912
31.44,19.67591506623928
31.46,19.67993338724228
31.48,19.683718812499237
31.5,19.68730723501025
31.52,19.690681429536433
31.54,19.693859473849123
31.56,19.696859369842038
31.58,19.699681419814432
31.6,19.702308273357193
31.62,19.70477544035503
31.64,19.707083127174876
31.66,19.709231521652264
31.68,19.711220794161704
31.7,19.713068695244065
31.72,19.714775349991555
31.74,19.716358459513028
31.76,19.717800529965412
31.78,19.719136815316652
31.8,19.7203498010861
31.82,19.721439552980133
31.84,19.722423702036895
31.86,19.72330229282072
31.88,19.724092933473933
31.9,19.72479565323545
31.92,19.725392912120785
31.94,19.725919865087764
31.96,19.72635896392382
31.98,19.726710224319977
32.0,19.72700878264767
32.02,19.727219522523097
32.04,19.727377573538064
32.06,19.727465378218074
32.08,19.727500499802428
32.1,19.72748293903079
32.12,19.727412695533378
32.14,19.72728976783011
32.16,19.727114153327207
32.18,19.726920972613723
32.2,19.726657536316413
32.22,19.726376527337308
32.24,19.726060379542254
32.26,19.725709088407925
32.28,19.725322648884323
32.3,19.724918622265402
32.32,19.724479437692473
32.34,19.724022657781962
32.36,19.723548279127098
32.38,19.72303872680077
32.4,19.722529138578704
32.42,19.722001940410237
32.44,19.721457128256784
32.46,19.72089469791492
32.48,19.720332223071566
32.5,19.719752124059056
32.52,19.719171977268804
32.54,19.71857420005894
32.56,19.71797637163703
32.58,19.717378491751667
32.6,19.71678056015122
32.62,19.716164988042586
32.64,19.715566950716553
32.66,19.71496886091183
32.68,19.71435312514754
32.7,19.71375492806554
32.72,19.71315667773926
32.74,19.712558373915538
32.76,19.711960016340992
32.78,19.711379205875797
32.8,19.710798344304134
32.82,19.710217431393744
32.84,19.70965407265641
32.86,19.709090665213928
32.88,19.708527208854004
32.9,19.70798131365649
32.92,19.707452983899113
32.94,19.706924610604737
32.96,19.706396193597875
32.98,19.70588534877502
33.0,19.70537446278242
33.02,19.704881154334416
33.04,19.704405427423257
33.06,19.70392966442595
33.08,19.70347148805435
33.1,19.703013277986198
33.12,19.70257265949781
33.14,19.70213200964665
33.16,19.701708956188515
33.18,19.701303502663063
33.2,19.700898022342727
33.22,19.700510146455255
33.24,19.70012224590939
33.26,19.6997519541397
33.28,19.699399274308256
33.3,19.69904657393247
33.32,19.698693852959753
33.34,19.698376386430436
33.36,19.698058903136594
33.38,19.697741403039828
33.4,19.6974415263741
33.42,19.69715927576067
33.44,19.696877011784817
33.46,19.69659473441953
33.48,19.69633008720521
33.5,19.696083072480025
33.52,19.695836047445333
33.54,19.69560665780892
33.56,19.695377259253036
33.58,19.695165498810674
33.6,19.69495373074449
33.62,19.69474195504306
33.64,19.69454782059963
33.66,19.694371329158855
33.68,19.694194832393983
33.7,19.69401833029839
33.72,19.693859473849123
33.74,19.693700613071783
33.76,19.69355939985457
33.78,19.693418183210436
33.8,19.693276963135983
33.82,19.693153392754233
33.84,19.693029819741273
33.86,19.69290624409483
33.88,19.692800320014396
33.9,19.69269439399605
33.92,19.69258846603836
33.94,19.692500191257807
33.96,19.69241191512866
33.98,19.69232363765009
34.0,19.692235358821268
34.02,19.69216473478547
34.04,19.692094109884554
34.06,19.692023484118096
34.08,19.691970514224984
34.1,19.691917543844582
34.12,19.69186457297672
34.14,19.691811601621207
34.16,19.691758629777873
34.18,19.691723314944547
34.2,19.69167034228777
34.22,19.691635026911985
34.24,19.69159971131912
34.26,19.69158205344127
34.28,19.691546737522692
34.3,19.691529079481953
34.32,19.691511421386906
34.34,19.691476105033853
34.36,19.69145844677584
34.38,19.69145844677584
34.4,19.69144078846349
34.42,19.691423130096794
34.44,19.691423130096794
34.46,19.69140547167575
34.48,19.69140547167575
34.5,19.69140547167575
34.52,19.69140547167575
34.54,19.69140547167575
34.56,19.69140547167575
34.58,19.69140547167575
34.6,19.69140547167575
34.62,19.69140547167575
34.64,19.691423130096794
34.66,19.691423130096794
34.68,19.691423130096794
34.7,19.69144078846349
34.72,19.69144078846349
34.74,19.69145844677584
34.76,19.69145844677584
34.78,19.691476105033853
34.8,19.691493763237542
34.82,19.691493763237542
34.84,19.691511421386906
34.86,19.691529079481953
34.88,19.691546737522692
34.9,19.691546737522692
34.92,19.69156439550913
34.94,19.69158205344127
34.96,19.69159971131912
34.98,19.69161736914269
35.0,19.69161736914269
35.02,19.691635026911985
35.04,19.69165268462701
35.06,19.69167034228777
35.08,19.691687999894274
35.1,19.691705657446533
35.12,19.691723314944547
35.14,19.691740972388324
35.16,19.691740972388324
35.18,19.691758629777873
35.2,19.691776287113196
35.22,19.691793944394306
35.24,19.691811601621207
35.26,19.691829258793906
35.28,19.691829258793906
35.3,19.691846915912407
35.32,19.69186457297672
35.34,19.69188222998685
35.36,19.6918998869428
35.38,19.6918998869428
35.4,19.691917543844582
35.42,19.691935200692203
35.44,19.691952857485667
35.46,19.691952857485667
35.48,19.691970514224984
35.5,19.691988170910154
35.52,19.691988170910154
35.54,19.69200582754119
35.56,19.692023484118096
35.58,19.692023484118096
35.6,19.692041140640878
35.62,19.692058797109546
35.64,19.692058797109546
35.66,19.692076453524102
35.68,19.692076453524102
35.7,19.692094109884554
35.72,19.692094109884554
35.74,19.692111766190912
35.76,19.692111766190912
35.78,19.692129422443177
35.8,19.692129422443177
35.82,19.692147078641362
35.84,19.692147078641362
35.86,19.69216473478547
35.88,19.69216473478547
35.9,19.69216473478547
35.92,19.69218239087551
35.94,19.69218239087551
35.96,19.69220004691148
35.98,19.69220004691148
36.0,-24.87905283048645
36.02,-24.89528286093547
36.04,-24.94074358976834
36.06,-25.012130456086396
36.08,-25.107119888422957
36.1,-25.22423856681341
36.12,-25.362629349726316
36.14,-25.522014980909333
36.16,-25.702222441204857
36.18,-25.903817590723218
36.2,-26.127227326449937
36.22,-26.373427873032185
36.24,-26.64332786038772
36.26,-26.93826512032525
36.28,-27.259496079881657
36.3,-27.608648052370892
36.32,-27.98723829051229
36.34,-28.39655740505626
36.36,-28.838305136854583
36.38,-29.313682970306864
36.4,-29.823729695760882
36.42,-30.36899426038164
36.44,-30.94944816475575
36.46,-31.564242869110473
36.48,-32.211512863331244
36.5,-32.88808897173212
36.52,-33.58984770437517
36.54,-34.310324577951704
36.56,-35.04292436540225
36.58,-35.77937835212823
36.6,-36.51104244121698
36.62,-37.228800494108086
36.64,-37.92427207685186
36.66,-38.5906288461986
36.68,-39.221125617286575
36.7,-39.811808641402884
36.72,-40.35973885881311
36.74,-40.863795730522526
36.76,-41.32417484370872
36.78,-41.742132380963405
36.8,-42.11971288185321
36.82,-42.45949150051258
36.84,-42.76435022722477
36.86,-43.037455206345
36.88,-43.28176642813858
36.9,-43.50014243039469
36.92,-43.695401161971766
36.94,-43.870006649272185
36.96,-44.026315665246486
36.98,-44.16633853481304
37.0,-44.29206164890927
37.02,-44.40496946473861
37.04,-44.50663359049866
37.06,-44.59819854323835
37.08,-44.68096579927484
37.1,-44.755860560884656
37.12,-44.82370027067314
37.14,-44.88526510368074
37.16,-44.94129350512542
37.18,-44.99227029884896
37.2,-45.03882945389595
37.22,-45.08133014107235
37.24,-45.120185904356916
37.26,-45.155805020573965
37.28,-45.188504126948956
37.3,-45.21848287410198
37.32,-45.24603812318831
37.34,-45.27143247960284
37.36,-45.29478989935843
37.38,-45.3163283932565
37.4,-45.336174020752814
37.42,-45.35450681382355
37.44,-45.371391201997184
37.46,-45.387011863807565
37.48,-45.40144306997402
37.5,-45.41478226448246
37.52,-45.42708842157795
37.54,-45.43844394520897
37.56,-45.44892402370687
37.58,-45.45862543341137
37.6,-45.4675549990279
37.62,-45.4757722889759
37.64,-45.48335897723342
37.66,-45.49031217691333
37.68,-45.49670627298497
37.7,-45.50258538370083
37.72,-45.50793985704365
37.74,-45.51283525408241
37.76,-45.51730880097985
37.78,-45.52134607306756
37.8,-45.525006259717436
37.82,-45.52829719668202
37.84,-45.53125021630912
37.86,-45.53389532943451
37.88,-45.53621323400647
37.9,-45.53825642152419
37.92,-45.54002825311308
37.94,-45.54155545834645
37.96,-45.542840307412945
37.98,-45.54388470496008
38.0,-45.54473753558882
38.02,-45.54537617044027
38.04,-45.54582507323943
38.06,-45.54608477314674
38.08,-45.546179174738135
38.1,-45.54613197625776
38.12,-45.54591952578411
38.14,-45.54556523314993
38.16,-45.54509243718894
38.18,-45.54447710831804
38.2,-45.543766137020164
38.22,-45.54293534591717
38.24,-45.542007923557854
38.26,-45.54098331923927
38.28,-45.53986092338192
38.3,-45.538664034625334
38.32,-45.53736808432328
38.34,-45.53602049353622
38.36,-45.534620852240636
38.38,-45.533144495084144
38.4,-45.53159075169286
38.42,-45.53000770419798
38.44,-45.52839509924952
38.46,-45.52670356693247
38.48,-45.525006259717436
38.5,-45.523253702394925
38.52,-45.521494980720306
38.54,-45.519680263554
38.56,-45.51788396886189
38.58,-45.516031087724095
38.6,-45.51417139664208
38.62,-45.51230486627833
38.64,-45.51043146715746
38.66,-45.50855116966556
38.68,-45.50666394404954
38.7,-45.50479540400336
38.72,-45.502894326953914
38.74,-45.50101206406464
38.76,-45.49914886748663
38.78,-45.49727897094929
38.8,-45.49542845670859
38.82,-45.49359757463339
38.84,-45.491760280503314
38.86,-45.4899429325622
38.88,-45.48814577809049
38.9,-45.48636906247197
38.92,-45.48463967902082
38.94,-45.48290465628036
38.96,-45.48119079551375
38.98,-45.47949833386897
39.0,-45.47785449638132
39.02,-45.47623268981686
39.04,-45.474605989410676
39.06,-45.47305607542239
39.08,-45.471501714386406
39.1,-45.46997027774132
39.12,-45.46848944325778
39.14,-45.46703211248438
39.16,-45.46562609847079
39.18,-45.46421646737227
39.2,-45.4628586987573
39.22,-45.46152538329079
39.24,-45.46024458995311
39.26,-45.45896082031956
39.28,-45.45773007433466
39.3,-45.45655271773437
39.32,-45.45537286064971
39.34,-45.454246856872906
39.36,-45.453146809020815
39.38,-45.45207287895975
39.4,-45.451025225007605
39.42,-45.45003239432632
39.44,-45.44906624481348
39.46,-45.44809843094901
39.48,-45.44718602395289
39.5,-45.44632929827283
39.52,-45.44547126948239
39.54,-45.44464060080964
39.56,-45.44383741646581
39.58,-45.443090580831345
39.6,-45.44234275988834
39.62,-45.44165158779445
39.64,-45.440959573673894
39.66,-45.44029560224277
39.68,-45.43968869023797
39.7,-45.43908113097103
39.72,-45.438501900602176
39.74,-45.43795108666
39.76,-45.437428772456386
39.78,-45.4369059805243
39.8,-45.436440875119075
39.82,-45.43597539149282
39.84,-45.43553865677456
39.86,-45.43513073724451
39.88,-45.43472252737043
39.9,-45.43434321515868
39.92,-45.43399285825796
39.94,-45.43367150994787
39.96,-45.433349981866016
39.98,-45.433028273895836
40.0,-45.43276492440115
40.02,-45.432501454343345
40.04,-45.432237863658486
40.06,-45.43200345950859
40.08,-45.4317689599529
40.1,-45.43156369454372
40.12,-45.43138769457624
40.14,-45.431211640876526
40.16,-45.431035533425586
40.18,-45.430888736142784
40.2,-45.430741901508526
40.22,-45.43062440690068
40.24,-45.43050688837521
40.26,-45.43038934592649
40.28,-45.43030117338692
40.3,-45.43021298738498
40.32,-45.43012478791825
40.34,-45.43003657498439
40.36,-45.42997775887889
40.38,-45.42991893678622
40.4,-45.42988952349449
40.42,-45.4298601087057
40.44,-45.42980127463659
40.46,-45.42980127463659
40.48,-45.429771855356094
40.5,-45.429771855356094
40.52,-45.429742434578195
40.54,-45.429742434578195
40.56,-45.429742434578195
40.58,-45.429742434578195
40.6,-45.429771855356094
40.62,-45.429771855356094
40.64,-45.42980127463659
40.66,-45.429830692419756
40.68,-45.4298601087057
40.7,-45.42988952349449
40.72,-45.42991893678622
40.74,-45.429948348581
40.76,-45.42997775887889
40.78,-45.43003657498439
40.8,-45.43006598079218
40.82,-45.430095385103435
40.84,-45.430154189236724
40.86,-45.43021298738498
40.88,-45.43024238421493
40.9,-45.43030117338692
40.92,-45.43035995657564
40.94,-45.43038934592649
40.96,-45.43044812014161
40.98,-45.43050688837521
41.0,-45.430565650628
41.02,-45.43062440690068
41.04,-45.43065378279469
41.06,-45.43071253009853
41.08,-45.43077127142402
41.1,-45.43083000677187
41.12,-45.430888736142784
41.14,-45.43094745953746
41.16,-45.43100617695661
41.18,-45.431035533425586
41.2,-45.43109424188276
41.22,-45.431152944366175
41.24,-45.431211640876526
41.26,-45.43127033141452
41.28,-45.4312996744441
41.3,-45.431358356024866
41.32,-45.43141703163504
41.34,-45.43147570127532
41.36,-45.431505033856965
41.38,-45.43156369454372
41.4,-45.431622349262334
41.42,-45.431651674383815
41.44,-45.431710320151545
41.46,-45.43173964079797
41.48,-45.4317982776164
41.5,-45.431827593788576
41.52,-45.43188622165928
41.54,-45.431915533357994
41.56,-45.431944843565724
41.58,-45.43200345950859
41.6,-45.43203276524391
41.62,-45.4320620694886
41.64,-45.432120673506454
41.66,-45.432149973279785
41.68,-45.432179271562845
41.7,-45.43220856835571
41.72,-45.432237863658486
41.74,-45.432296449794066
41.76,-45.432325740627064
41.78,-45.4323550299703
41.8,-45.43238431782388
41.82,-45.43241360418789
41.84,-45.432442889062415
41.86,-45.43247217244753
41.88,-45.43247217244753
41.9,-45.432501454343345
41.92,-45.43253073474993
41.94,-45.43256001366739
41.96,-45.432589291095795
41.98,-45.432589291095795
42.0,-45.846694845065585
42.02,-45.84686587993483
42.04,-45.847328074241716
42.06,-45.84802971941599
42.08,-45.84893881224114
42.1,-45.85000336076912
42.12,-45.85121139370666
42.14,-45.85252140795436
42.16,-45.853921897046256
42.18,-45.85538207128187
42.2,-45.85689108988549
42.22,-45.85844790787078
42.24,-45.86002291693278
42.26,-45.86161562166174
42.28,-45.86321614307295
42.3,-45.86482418137168
42.32,-45.866420936952295
42.34,-45.868006505449465
42.36,-45.86958098155135
42.38,-45.87113540063299
42.4,-45.87267004384229
42.42,-45.874176252365345
42.44,-45.87566335291127
42.46,-45.87712279351421
42.48,-45.87854624977823
42.5,-45.87995171696033
42.52,-45.88132214591479
42.54,-45.88265810140933
42.56,-45.883968670384874
42.58,-45.88523725283016
42.6,-45.88648139322607
42.62,-45.88769305355962
42.64,-45.88887271966308
42.66,-45.89001256484685
42.68,-45.89112968335095
42.7,-45.892207963445784
42.72,-45.89325612497907
42.74,-45.89427457682864
42.76,-45.89526371434638
42.78,-45.89622391967527
42.8,-45.89714754896247
42.82,-45.898043043242595
42.84,-45.89891074340818
42.86,-45.89975097835602
42.88,-45.900564065243515
42.9,-45.901350309734596
42.92,-45.902102189140265
42.94,-45.90282786147843
42.96,-45.90353535707153
42.98,-45.90420938644431
43.0,-45.90486569508877
43.02,-45.90548907975843
43.04,-45.90609516300228
43.06,-45.90667645775757
43.08,-45.907233175783574
43.1,-45.90777311361692
43.12,-45.9082888296109
43.14,-45.90878051018607
43.16,-45.90925586882961
43.18,-45.90970750250399
43.2,-45.910143074841706
43.22,-45.91055520572505
43.24,-45.910951512414286
43.26,-45.91133208992087
43.28,-45.91169702929933
43.3,-45.9120389905688
43.32,-45.91236550989847
43.34,-45.91268406715689
43.36,-45.91297992017389
43.38,-45.91326055343373
43.4,-45.913533402458306
43.42,-45.91378378195923
43.44,-45.91402648039484
43.46,-45.914254185851526
43.48,-45.91447428441746
43.5,-45.91467215346831
43.52,-45.91486981469584
43.54,-45.9150453393092
43.56,-45.9152207001102
43.58,-45.915381303764406
43.6,-45.91552718789441
43.62,-45.915665672774054
43.64,-45.91579677464826
43.66,-45.915920508884675
43.68,-45.916029618279
43.7,-45.91613866408913
43.72,-45.91623311906002
43.74,-45.91632752633491
43.76,-45.916407372181595
43.78,-45.916479929714285
43.8,-45.91655245906955
43.82,-45.91661046227492
43.84,-45.91666844746197
43.86,-45.91671916972533
43.88,-45.916762634978724
43.9,-45.91679884828849
43.92,-45.91683505456844
43.94,-45.916864014532045
43.96,-45.916885731553435
43.98,-45.91690744604551
44.0,-45.916921920968576
44.02,-45.91693639476776
44.04,-45.916943631245935
44.06,-45.916950867443184
44.08,-45.916950867443184
44.1,-45.916950867443184
44.12,-45.916943631245935
44.14,-45.91693639476776
44.16,-45.91692915800865
44.18,-45.91691468364753
44.2,-45.9169002081625
44.22,-45.916885731553435
44.24,-45.91687125382023
44.26,-45.91684953511244
44.28,-45.916827813874754
44.3,-45.91680609010681
44.32,-45.91677712114631
44.34,-45.916755391473046
44.36,-45.916726414637495
44.38,-45.916697433300754
44.4,-45.91666844746197
44.42,-45.91663945712031
44.44,-45.916603212859755
44.46,-45.91657421238351
44.48,-45.91653795545206
44.5,-45.916508944836934
44.52,-45.916472675229215
44.54,-45.916443654470946
44.56,-45.916407372181595
44.58,-45.91637108284458
44.6,-45.91634204629954
44.62,-45.91630574427255
44.64,-45.916269435193264
44.66,-45.91623311906002
44.68,-45.91620406107345
44.7,-45.9161677322389
44.72,-45.91613139634573
44.74,-45.9161023225479
44.76,-45.916065973945074
44.78,-45.916029618279
44.8,-45.91600052865949
44.82,-45.91596416027538
44.84,-45.915935060479285
44.86,-45.91589867937176
44.88,-45.91586956939478
44.9,-45.91584045489158
44.92,-45.91581133586131
44.94,-45.915782212303114
44.96,-45.91574580148668
44.98,-45.915716667737534
45.0,-45.915687529457706
45.02,-45.915665672774054
45.04,-45.91563652656346
45.06,-45.91560737581983
45.08,-45.91558550978679
45.1,-45.91555635110829
45.12,-45.91553447912312
45.14,-45.91550531250714
45.16,-45.91548343456788
45.18,-45.91546155407627
45.2,-45.915432376116506
45.22,-45.915410489668005
45.24,-45.91538860066595
45.26,-45.91537400657909
45.28,-45.91535211332031
45.3,-45.91533021750701
45.32,-45.915308319138845
45.34,-45.91529371880718
45.36,-45.91527181618008
45.38,-45.91525721300879
45.4,-45.915242608701476
45.42,-45.9152207001102
45.44,-45.91520609296232
45.46,-45.91519148467804
45.48,-45.91517687525724
45.5,-45.915162264699816
45.52,-45.91514765300567
45.54,-45.91513304017468
45.56,-45.91511842620675
45.58,-45.915111118796396
45.6,-45.915096503122854
45.62,-45.91508919485963
45.64,-45.915074577480226
45.66,-45.91506726836402
45.68,-45.91505264927852
45.7,-45.9150453393092
45.72,-45.91503802905549
45.74,-45.91502340769482
45.76,-45.91501609658783
45.78,-45.9150087851964
45.8,-45.9150014735205
45.82,-45.914994161560124
45.84,-45.91498684931526
45.86,-45.91497953678589
45.88,-45.91497222397201
45.9,-45.91497222397201
45.92,-45.91496491087359
45.94,-45.914957597490634
45.96,-45.91495028382312
45.98,-45.91495028382312
46.0,-45.91494296987103
46.02,-45.91493565563436
46.04,-45.91493565563436
46.06,-45.91492834111309
46.08,-45.91492834111309
46.1,-45.91492102630721
46.12,-45.91492102630721
46.14,-45.91492102630721
46.16,-45.91491371121671
46.18,-45.91491371121671
46.2,-45.91491371121671
46.22,-45.91490639584157
46.24,-45.91490639584157
46.26,-45.91490639584157
46.28,-45.91490639584157
46.3,-45.91489908018178
46.32,-45.91489908018178
46.34,-45.91489908018178
46.36,-45.91489908018178
46.38,-45.91489908018178
46.4,-45.91489908018178
46.42,-45.91489908018178
46.44,-45.91489908018178
46.46,-45.91489908018178
46.48,-45.91489908018178
46.5,-45.91489908018178
46.52,-45.91489908018178
46.54,-45.91489908018178
46.56,-45.91489908018178
46.58,-45.91489908018178
46.6,-45.91489908018178
46.62,-45.91489908018178
46.64,-45.91489908018178
46.66,-45.91489908018178
46.68,-45.91489908018178
46.7,-45.91489908018178
46.72,-45.91489908018178
46.74,-45.91489908018178
46.76,-45.91489908018178
46.78,-45.91489908018178
46.8,-45.91489908018178
46.82,-45.91489908018178
46.84,-45.91489908018178
46.86,-45.91490639584157
46.88,-45.91490639584157
46.9,-45.91490639584157
46.92,-45.91490639584157
46.94,-45.91490639584157
46.96,-45.91490639584157
46.98,-45.91490639584157
47.0,-45.91490639584157
47.02,-45.91490639584157
47.04,-45.91491371121671
47.06,-45.91491371121671
47.08,-45.91491371121671
47.1,-45.91491371121671
47.12,-45.91491371121671
47.14,-45.91491371121671
47.16,-45.91491371121671
47.18,-45.91491371121671
47.2,-45.91491371121671
47.22,-45.91492102630721
47.24,-45.91492102630721
47.26,-45.91492102630721
47.28,-45.91492102630721
47.3,-45.91492102630721
47.32,-45.91492102630721
47.34,-45.91492102630721
47.36,-45.91492102630721
47.38,-45.91492102630721
47.4,-45.91492834111309
47.42,-45.91492834111309
47.44,-45.91492834111309
47.46,-45.91492834111309
47.48,-45.91492834111309
47.5,-45.91492834111309
47.52,-45.91492834111309
47.54,-45.91492834111309
47.56,-45.91492834111309
47.58,-45.91492834111309
47.6,-45.91493565563436
47.62,-45.91493565563436
47.64,-45.91493565563436
47.66,-45.91493565563436
47.68,-45.91493565563436
47.7,-45.91493565563436
47.72,-45.91493565563436
47.74,-45.91493565563436
47.76,-45.91493565563436
47.78,-45.91493565563436
47.8,-45.91493565563436
47.82,-45.91493565563436
47.84,-45.91493565563436
47.86,-45.91493565563436
47.88,-45.91493565563436
47.9,-45.91494296987103
47.92,-45.91494296987103
47.94,-45.91494296987103
47.96,-45.91494296987103
47.98,-45.91494296987103
48.0,-16.13957843305986
48.02,-16.1315755016819
48.04,-16.109575946724405
48.06,-16.07605013992182
48.08,-16.033273036096137
48.1,-15.983206771541818
48.12,-15.927473338701041
48.14,-15.867638496726293
48.16,-15.804789724470153
48.18,-15.739954502986603
48.2,-15.673983138421516
48.22,-15.607609789049553
48.24,-15.541301682680883
48.26,-15.475536687514658
48.28,-15.410649910550463
48.3,-15.346991037335464
48.32,-15.284733175383518
48.34,-15.223983663453678
48.36,-15.164923881695318
48.38,-15.107626639773114
48.4,-15.052152945181348
48.42,-14.998471153013817
48.44,-14.946628098311496
48.46,-14.896622721184281
48.48,-14.848449899039379
48.5,-14.802026579729436
48.52,-14.757346529076072
48.54,-14.714365296199716
48.56,-14.673039487666598
48.58,-14.633292758162714
48.6,-14.595119968278974
48.62,-14.558449024712282
48.64,-14.523212006932505
48.66,-14.489344967948883
48.68,-14.456850121948158
48.7,-14.425637177942841
48.72,-14.39568194154548
48.74,-14.36687257009741
48.76,-14.339250670064258
48.78,-14.31271132862412
48.8,-14.287241518502348
48.82,-14.26277315492541
48.84,-14.239297986718089
48.86,-14.216726285246791
48.88,-14.195082246558922
48.9,-14.174308962981135
48.92,-14.154379509742531
48.94,-14.135242408074634
48.96,-14.11687524162835
48.98,-14.099257268807118
49.0,-14.082343400718818
49.02,-14.066142243851603
49.04,-14.050586312387722
49.06,-14.035686963873879
49.08,-14.021405506683347
49.1,-14.00773004008668
49.12,-13.99462459351603
49.14,-13.98210442825041
49.16,-13.970085872957702
49.18,-13.958610886068312
49.2,-13.947647394105024
49.22,-13.937164310206878
49.24,-13.927155918248655
49.26,-13.917592581719557
49.28,-13.908494110177333
49.3,-13.899807578746856
49.32,-13.891529397710965
49.34,-13.883656303049547
49.36,-13.876161178689879
49.38,-13.869041469818894
49.4,-13.862294861962038
49.42,-13.855895222260783
49.44,-13.849816751302713
49.46,-13.84405792095312
49.48,-13.838641303383515
49.5,-13.833517719832022
49.52,-13.828662214584964
49.54,-13.824121678724216
49.56,-13.819823595446646
49.58,-13.815815009524039
49.6,-13.812047558556145
49.62,-13.808520712959464
49.64,-13.805233996911806
49.66,-13.802163185344018
49.68,-13.799307929371972
49.7,-13.796667916528484
49.72,-13.794219097420603
49.74,-13.791985010673026
49.76,-13.789917923078832
49.78,-13.788017677703436
49.8,-13.78628413446377
49.82,-13.784717169069449
49.84,-13.78331667205504
49.86,-13.782058816677543
49.88,-13.780919802770624
49.9,-13.779947025863128
49.92,-13.779069256372082
49.94,-13.778333901943881
49.96,-13.777717204716284
49.98,-13.777195420533909
50.0,-13.77676853097833
50.02,-13.77646023565745
50.04,-13.776246807192699
50.06,-13.776104524613432
50.08,-13.77605709763088
50.1,-13.776080811088185
50.12,-13.776199379394198
50.14,-13.77636537788047
50.16,-13.776602524370249
50.18,-13.776910825026736
50.2,-13.77724285408074
50.22,-13.77766976840959
50.24,-13.77812042451314
50.26,-13.77861854729887
50.28,-13.77916414571931
50.3,-13.779757229671596
50.32,-13.780374083900258
50.34,-13.781014714263199
50.36,-13.7817028569766
50.38,-13.782414792696152
50.4,-13.783150528440062
50.42,-13.783910071546169
50.44,-13.78469342968032
50.46,-13.785476868986
50.48,-13.78628413446377
50.5,-13.78711523452257
50.52,-13.787946428155681
50.54,-13.788801468619402
50.56,-13.789632854461027
50.58,-13.79048809426837
50.6,-13.791367197379408
50.62,-13.792222645571032
50.64,-13.793078197805434
50.66,-13.793957624685097
50.68,-13.794813390485041
50.7,-13.795669262881628
50.72,-13.796525242717776
50.74,-13.797381330836126
50.76,-13.798237528079046
50.78,-13.799070047484888
50.8,-13.799902671606585
50.82,-13.800711607471913
50.84,-13.801520643593337
50.86,-13.802329780679365
50.88,-13.803115216840473
50.9,-13.803900749429095
50.92,-13.804686379092471
50.94,-13.805424483842415
50.96,-13.806186489444745
50.98,-13.806900954194111
51.0,-13.807639320867892
51.02,-13.808330130982428
51.04,-13.80902101887925
51.06,-13.809711984996767
51.08,-13.810355368978461
51.1,-13.811022654393003
51.12,-13.81164234290715
51.14,-13.81226209563136
51.16,-13.812881912881199
51.18,-13.813454109425166
51.2,-13.814026361466471
51.22,-13.814598669253153
51.24,-13.81514718342121
51.26,-13.815671897467716
51.28,-13.816196658954803
51.3,-13.816697612077414
51.32,-13.8171747507903
51.34,-13.817651929162
51.36,-13.818105285479662
51.38,-13.818534814185174
51.4,-13.818964375345208
51.42,-13.819393969064219
51.44,-13.819799726455603
51.46,-13.820181642458559
51.48,-13.820563584420903
51.5,-13.820921678652196
51.52,-13.82125592063115
51.54,-13.821614059268986
51.56,-13.821924464737211
51.58,-13.822234887563473
51.6,-13.822545327787076
51.62,-13.822831903468892
51.64,-13.823094610921972
51.66,-13.823357330909047
51.68,-13.823620063453921
51.7,-13.823858922139278
51.72,-13.824097791240527
51.74,-13.824312782352019
51.76,-13.824527781927895
51.78,-13.82474278998119
51.8,-13.824933915378166
51.82,-13.825125047492794
51.84,-13.82529229361086
51.86,-13.825459544885266
51.88,-13.825626801322137
51.9,-13.825770168095863
51.92,-13.825913538670784
51.94,-13.826056913050758
51.96,-13.82617639461016
51.98,-13.826295878816873
52.0,-13.826415365673132
52.02,-13.826510957067311
52.04,-13.826630448698378
52.06,-13.826726043915297
52.08,-13.826797741444109
52.1,-13.82689333963827
52.12,-13.826965039401328
52.14,-13.827036740122722
52.16,-13.827108441802935
52.18,-13.827156243455992
52.2,-13.827227946735311
52.22,-13.827275749454884
52.24,-13.827323552601314
52.26,-13.827371356174744
52.28,-13.827395258121628
52.3,-13.827443062335822
52.32,-13.82746696460317
52.34,-13.827490866977374
52.36,-13.827514769458455
52.38,-13.827538672046426
52.4,-13.82756257474131
52.42,-13.82758647754312
52.44,-13.82758647754312
52.46,-13.827610380451876
52.48,-13.827610380451876
52.5,-13.827610380451876
52.52,-13.827610380451876
52.54,-13.827610380451876
52.56,-13.827610380451876
52.58,-13.827610380451876
52.6,-13.827610380451876
52.62,-13.827610380451876
52.64,-13.82758647754312
52.66,-13.82758647754312
52.68,-13.82758647754312
52.7,-13.82756257474131
52.72,-13.82756257474131
52.74,-13.827538672046426
52.76,-13.827514769458455
52.78,-13.827514769458455
52.8,-13.827490866977374
52.82,-13.82746696460317
52.84,-13.827443062335822
52.86,-13.827443062335822
52.88,-13.827419160175314
52.9,-13.827395258121628
52.92,-13.827371356174744
52.94,-13.827347454334644
52.96,-13.827323552601314
52.98,-13.827323552601314
53.0,-13.827299650974734
53.02,-13.827275749454884
53.04,-13.82725184804175
53.06,-13.827227946735311
53.08,-13.82720404553555
53.1,-13.827180144442451
53.12,-13.827156243455992
53.14,-13.82713234257616
53.16,-13.827108441802935
53.18,-13.827108441802935
53.2,-13.827084541136298
53.22,-13.827060640576233
53.24,-13.827036740122722
53.26,-13.827012839775744
53.28,-13.826988939535287
53.3,-13.826965039401328
53.32,-13.82694113937385
53.34,-13.82694113937385
53.36,-13.826917239452838
53.38,-13.82689333963827
53.4,-13.826869439930132
53.42,-13.826845540328405
53.44,-13.826845540328405
53.46,-13.826821640833069
53.48,-13.826797741444109
53.5,-13.826773842161504
53.52,-13.826773842161504
53.54,-13.826749942985241
53.56,-13.826726043915297
53.58,-13.826726043915297
53.6,-13.826702144951657
53.62,-13.826678246094302
53.64,-13.826678246094302
53.66,-13.826654347343215
53.68,-13.826654347343215
53.7,-13.826630448698378
53.72,-13.826606550159772
53.74,-13.826606550159772
53.76,-13.82658265172738
53.78,-13.82658265172738
53.8,-13.826558753401185
53.82,-13.826558753401185
53.84,-13.826534855181167
53.86,-13.826534855181167
53.88,-13.826510957067311
53.9,-13.826510957067311
53.92,-13.826510957067311
53.94,-13.826487059059598
53.96,-13.826487059059598
53.98,-13.826487059059598
54.0,-45.34854736829602
54.02,-45.35347280813651
54.04,-45.3669017584076
54.06,-45.38699268660062
54.08,-45.412053827640825
54.1,-45.44049619228667
54.12,-45.47108064588458
54.14,-45.50275442704839
54.16,-45.53468692181814
54.18,-45.56630162323578
54.2,-45.59708598934304
54.22,-45.626780725874106
54.24,-45.65513369816447
54.26,-45.68205126176051
54.28,-45.70744402559868
54.3,-45.731322893619755
54.32,-45.75368614818752
54.34,-45.77460485545091
54.36,-45.79412654814633
54.38,-45.81232845631809
54.4,-45.82926434887309
54.42,-45.84503203154857
54.44,-45.859701695037494
54.46,-45.87334949781646
54.48,-45.88604618306407
54.5,-45.89786544874884
54.52,-45.90886673292959
54.54,-45.91911236644817
54.56,-45.928659087714394
54.58,-45.937558579706554
54.6,-45.9458579514761
54.62,-45.95360611250895
54.64,-45.960841468383386
54.66,-45.96759913749929
54.68,-45.97392163486004
54.7,-45.979837077953135
54.72,-45.98537606433124
54.74,-45.99056634308582
54.76,-45.99542869254443
54.78,-45.99999078235196
54.8,-46.00427346002389
54.82,-46.008291761543525
54.84,-46.012067286239365
54.86,-46.015619608465904
54.88,-46.018955665234216
54.9,-46.022096100180335
54.92,-46.02505280132274
54.94,-46.02783669314977
54.96,-46.0304578225999
54.98,-46.03292543603859
55.0,-46.03525419061102
55.02,-46.037448502066226
55.04,-46.0395183589723
55.06,-46.04147008764416
55.08,-46.04331234912622
55.1,-46.04505039005977
55.12,-46.0466890729645
55.14,-46.04823820626655
55.16,-46.04969908291876
55.18,-46.05107545830582
55.2,-46.05237837501123
55.22,-46.05360575566074
55.24,-46.05476295281508
55.26,-46.0558549733782
55.28,-46.056886512244546
55.3,-46.05785963573365
55.32,-46.05877395217256
55.34,-46.059638210354436
55.36,-46.06045165703623
55.38,-46.061218018951024
55.4,-46.06193861027275
55.42,-46.06261685408466
55.44,-46.06325600906911
55.46,-46.06385486473664
55.48,-46.06441650253026
55.5,-46.06494387110121
55.52,-46.06543768802536
55.54,-46.065900718333296
55.56,-46.066331457074824
55.58,-46.06673669559912
55.6,-46.06711274000083
55.62,-46.067462102854904
55.64,-46.06778925964874
55.66,-46.068090458655156
55.68,-46.06837008247107
55.7,-46.06862839300397
55.72,-46.06886763814517
55.74,-46.0690860184107
55.76,-46.06928573039403
55.78,-46.06946892904694
55.8,-46.069635749916195
55.82,-46.06978631612576
55.84,-46.06992073855289
55.86,-46.07004305818318
55.88,-46.07014940696971
55.9,-46.070245757733545
55.92,-46.07032626760998
55.94,-46.07039687658372
55.96,-46.070457616924635
55.98,-46.070506559438336
56.0,-46.07054568670955
56.02,-46.070575016575724
56.04,-46.070596516657496
56.06,-46.07061019479024
56.08,-46.070614102294364
56.1,-46.07061214857195
56.12,-46.07060237907028
56.14,-46.07058479023018
56.16,-46.070563286231966
56.18,-46.07053395102275
56.2,-46.07050068829813
56.22,-46.07046153369311
56.24,-46.07041843615357
56.26,-46.07037138780438
56.28,-46.070318417401396
56.3,-46.07026343922451
56.32,-46.07020448211423
56.34,-46.07014153526583
56.36,-46.070076557183725
56.38,-46.07000756978033
56.4,-46.06993850893682
56.42,-46.069865421804245
56.44,-46.069790273695695
56.46,-46.06971503868194
56.48,-46.069635749916195
56.5,-46.06955636459172
56.52,-46.069476882572346
56.54,-46.06939531300859
56.56,-46.06931364156433
56.58,-46.06922987234142
56.6,-46.06914599589424
56.62,-46.069062012063824
56.64,-46.06897992411745
56.66,-46.06889572760866
56.68,-46.068811423241804
56.7,-46.068727010856776
56.72,-46.06864450394598
56.74,-46.068559877624566
56.76,-46.0684771615646
56.78,-46.06839636318667
56.8,-46.06831546611713
56.82,-46.06823447021624
56.84,-46.068153375344025
56.86,-46.06807624341554
56.88,-46.06799698856319
56.9,-46.06791967501511
56.92,-46.06784430973614
56.94,-46.06776885919715
56.96,-46.067695365920876
56.98,-46.067623836543255
57.0,-46.06755223058122
57.02,-46.06748259708012
57.04,-46.067412891131276
57.06,-46.06734721927342
57.08,-46.06728148308994
57.1,-46.06721568250775
57.12,-46.067153935909744
57.14,-46.06709213258658
57.16,-46.067030272477794
57.18,-46.06697248508961
57.2,-46.06691464813281
57.22,-46.06685882979068
57.24,-46.06680503514764
57.26,-46.06675119764111
57.28,-46.0666993903487
57.3,-46.066649617997136
57.32,-46.06660188513067
57.34,-46.06655411860453
57.36,-46.066508397362156
57.38,-46.066462645274065
57.4,-46.06642102567943
57.42,-46.06637938055433
57.44,-46.066337709880585
57.46,-46.066298099059516
57.48,-46.06626055171996
57.5,-46.06622507130353
57.52,-46.0661895723795
57.54,-46.06615614471084
57.56,-46.066122700628625
57.58,-46.06609133188639
57.6,-46.06606204136397
57.62,-46.06603273825476
57.64,-46.066003422552484
57.66,-46.065976189547506
57.68,-46.065951041742345
57.7,-46.06592588467227
57.72,-46.06590281588233
57.74,-46.065879739300904
57.76,-46.065858753826724
57.78,-46.065837761908476
57.8,-46.06581886367047
57.82,-46.065799960209226
57.84,-46.06578105152307
57.86,-46.065764239414335
57.88,-46.06574952543066
57.9,-46.065732705575655
57.92,-46.06572008797216
57.94,-46.06570536449574
57.96,-46.0656927418534
57.98,-46.06568011688463
58.0,-46.06566959429985
58.02,-46.065656965064704
58.04,-46.0656485442814
58.06,-46.06563801684716
58.08,-46.065629593735494
58.1,-46.065621169588766
58.12,-46.06561274440681
58.14,-46.06560642484091
58.16,-46.06559799784697
58.18,-46.065591676921905
58.2,-46.065587462648196
58.22,-46.065581140752094
58.24,-46.065576925830975
58.26,-46.065572710650855
58.28,-46.065568495211714
58.3,-46.065564279513545
58.32,-46.065562171567315
58.34,-46.06555795548056
58.36,-46.06555584734002
58.38,-46.065553739134714
58.4,-46.06555163086463
58.42,-46.06554952252977
58.44,-46.06554952252977
58.46,-46.06554741413014
58.48,-46.06554741413014
58.5,-46.06554741413014
58.52,-46.06554741413014
58.54,-46.06554741413014
58.56,-46.06554741413014
58.58,-46.06554741413014
58.6,-46.06554741413014
58.62,-46.06554741413014
58.64,-46.06554952252977
58.66,-46.06554952252977
58.68,-46.06555163086463
58.7,-46.06555163086463
58.72,-46.065553739134714
58.74,-46.065553739134714
58.76,-46.06555584734002
58.78,-46.06555795548056
58.8,-46.06556006355632
58.82,-46.06556006355632
58.84,-46.065562171567315
58.86,-46.065564279513545
58.88,-46.06556638739501
58.9,-46.065568495211714
58.92,-46.06557060296366
58.94,-46.065572710650855
58.96,-46.06557481827329
58.98,-46.065576925830975
59.0,-46.06557903332391
59.02,-46.065581140752094
59.04,-46.06558324811554
59.06,-46.065585355414235
59.08,-46.065587462648196
59.1,-46.06558956981742
59.12,-46.065591676921905
59.14,-46.06559378396166
59.16,-46.06559799784697
59.18,-46.06560010469254
59.2,-46.06560221147338
59.22,-46.06560431818951
59.24,-46.06560642484091
59.26,-46.06560853142759
59.28,-46.06561063794956
59.3,-46.06561274440681
59.32,-46.06561485079936
59.34,-46.065616957127205
59.36,-46.065619063390336
59.38,-46.065619063390336
59.4,-46.065621169588766
59.42,-46.065623275722494
59.44,-46.06562538179153
59.46,-46.06562748779586
59.48,-46.065629593735494
59.5,-46.06563169961044
59.52,-46.0656338054207
59.54,-46.0656338054207
59.56,-46.065635911166275
59.58,-46.06563801684716
59.6,-46.065640122463364
59.62,-46.065640122463364
59.64,-46.06564222801489
59.66,-46.06564433350174
59.68,-46.06564433350174
59.7,-46.065646438923906
59.72,-46.0656485442814
59.74,-46.0656485442814
59.76,-46.06565064957423
59.78,-46.065652754802386
59.8,-46.065652754802386
59.82,-46.065654859965875
59.84,-46.065654859965875
59.86,-46.065656965064704
59.88,-46.065656965064704
59.9,-46.06565907009887
59.92,-46.06565907009887
59.94,-46.06566117506838
59.96,-46.06566117506838
59.98,-46.06566327997322
